2.452869966710689504e-22
2.375185871129961913e-22
2.305043147747806553e-22
2.240803110401837475e-22
2.181273640501403840e-22
2.125582376914573563e-22
2.073085707055237162e-22
2.023303826211909915e-22
1.975874540735115073e-22
1.930520439978626551e-22
1.887025557260653768e-22
1.845218749420785090e-22
1.804961829881710490e-22
1.766141066679808497e-22
1.728661066065771078e-22
1.692440351068480650e-22
1.657408147678258141e-22
1.623502034209910399e-22
1.590666209888280325e-22
1.558850209425417488e-22
1.528007940224530575e-22
1.498096954080188607e-22
1.469077890202465282e-22
1.440914044120804409e-22
1.413571029653026416e-22
1.387016510150334697e-22
1.361219981699762842e-22
1.336152595619918317e-22
1.311787010945344390e-22
1.288097270028216741e-22
1.265058692155109771e-22
1.242647781367450412e-22
1.220842145619987579e-22
1.199620425107265561e-22
1.178962228102067732e-22
1.158848073031261797e-22
1.139259335799028792e-22
1.120178201580806947e-22
1.101587620472181827e-22
1.083471266499057893e-22
1.065813499588707319e-22
1.048599330173082269e-22
1.031814386151438728e-22
1.015444881982886503e-22
9.994775897138481877e-23
9.838998117728241585e-23
9.686993553869261156e-23
9.538645084925980713e-23
9.393840170277122346e-23
9.252470635045068160e-23
9.114432467731500867e-23
8.979625628944746936e-23
8.847953870479417549e-23
8.719324564073987406e-23
8.593648539228720770e-23
8.470839929516453671e-23
8.350816026863043263e-23
8.233497143313950603e-23
8.118806479839020619e-23
8.006670001759637557e-23
7.897016320411599360e-23
7.789776580683612400e-23
7.684884354095605445e-23
7.582275537103258584e-23
7.481888254335728132e-23
7.383662766492269415e-23
7.287541382641052980e-23
7.193468376679452988e-23
7.101389907730121078e-23
7.011253944261032221e-23
6.923010191730530143e-23
6.836610023570480492e-23
6.752006415331749476e-23
6.669153881826697042e-23
6.588008417113073826e-23
6.508527437172815304e-23
6.430669725147688976e-23
6.354395379001732001e-23
6.279665761487794118e-23
6.206443452302527788e-23
6.134692202320603323e-23
6.064376889805129853e-23
5.995463478496910053e-23
5.927918977490608506e-23
5.861711402810903541e-23
5.796809740606483689e-23
5.733183911884187432e-23
5.670804738709749648e-23
5.609643911805631313e-23
5.549673959480024866e-23
5.490868217824694038e-23
5.433200802122560772e-23
5.376646579409041021e-23
5.321181142134061731e-23
5.266780782874449622e-23
5.213422470048942592e-23
5.161083824590568977e-23
5.109743097533395084e-23
5.059379148472870736e-23
5.009971424861016201e-23
4.961499942099671033e-23
4.913945264396846819e-23
4.867288486352954358e-23
4.821511215245339131e-23
4.776595553981082963e-23
4.732524084689525584e-23
4.689279852927326294e-23
4.646846352470214869e-23
4.605207510666818013e-23
4.564347674331140233e-23
4.524251596151363561e-23
4.484904421593735519e-23
4.446291676281272758e-23
4.408399253827987563e-23
4.371213404110231337e-23
4.334720721957612575e-23
4.298908136246753810e-23
4.263762899381913158e-23
4.229272577147251913e-23
4.195425038916186186e-23
4.162208448203952911e-23
4.129611253550120071e-23
4.097622179718379900e-23
4.066230219201518629e-23
4.035424624019995345e-23
4.005194897803066189e-23
3.975530788141885038e-23
3.946422279204453780e-23
3.917859584602748454e-23
3.889833140502745430e-23
3.862333598968489099e-23
3.835351821531689910e-23
3.808878872978721275e-23
3.782906015347210048e-23
3.757424702124747388e-23
3.732426572642535956e-23
3.707903446657113279e-23
3.683847319113525590e-23
3.660250355083637399e-23
3.637104884873476564e-23
3.614403399293770889e-23
3.592138545088067384e-23
3.570303120513014565e-23
3.548890071065637386e-23
3.527892485352586021e-23
3.507303591096563669e-23
3.487116751275294287e-23
3.467325460388579225e-23
3.447923340849132265e-23
3.428904139493062918e-23
3.410261724206009569e-23
3.391990080661065073e-23
3.374083309164781409e-23
3.356535621607661686e-23
3.339341338515670597e-23
3.322494886199416119e-23
3.305990793997766308e-23
3.289823691612767922e-23
3.273988306532839376e-23
3.258479461541315754e-23
3.243292072307508824e-23
3.228421145057533752e-23
3.213861774322254112e-23
3.199609140759766770e-23
3.185658509049935745e-23
3.172005225858561772e-23
3.158644717868835398e-23
3.145572489877824302e-23
3.132784122955766105e-23
3.120275272666058413e-23
3.108041667343855492e-23
3.096079106431277326e-23
3.084383458867269768e-23
3.072950661530237331e-23
3.061776717731604270e-23
3.050857695758528967e-23
3.040189727464042447e-23
3.029769006902940090e-23
3.019591789011791394e-23
3.009654388331500293e-23
2.999953177770878465e-23
2.990484587409749934e-23
2.981245103340152264e-23
2.972231266544227285e-23
2.963439671807459520e-23
2.954866966665944588e-23
2.946509850386419806e-23
2.938365072977814503e-23
2.930429434233151005e-23
2.922699782800613749e-23
2.915173015282682155e-23
2.907846075362254603e-23
2.900715952954692655e-23
2.893779683384795158e-23
2.887034346587717757e-23
2.880477066332882723e-23
2.874105009469982787e-23
2.867915385196184429e-23
2.861905444343687788e-23
2.856072478686816231e-23
2.850413820267854480e-23
2.844926840740859450e-23
2.839608950732729113e-23
2.834457599220800568e-23
2.829470272926314949e-23
2.824644495723090859e-23
2.819977828060773364e-23
2.815467866402063130e-23
2.811112242673338561e-23
2.806908623728125497e-23
2.802854710822869644e-23
2.798948239104516833e-23
2.795186977109393909e-23
2.791568726272942356e-23
2.788091320449840364e-23
2.784752625444098376e-23
2.781550538548712574e-23
2.778482988094489581e-23
2.775547933007673843e-23
2.772743362376013303e-23
2.770067295022939513e-23
2.767517779089530690e-23
2.765092891623956209e-23
2.762790738178113945e-23
2.760609452411178347e-23
2.758547195699808271e-23
2.756602156754750099e-23
2.754772551243619246e-23
2.753056621419623212e-23
2.751452635756019862e-23
2.749958888586113471e-23
2.748573699748596318e-23
2.747295414238059525e-23
2.746122401860502682e-23
2.745053056893687096e-23
2.744085797752185142e-23
2.743219066656969958e-23
2.742451329309437347e-23
2.741781074569711173e-23
2.741206814139132936e-23
2.740727082246813848e-23
2.740340435340149510e-23
2.740045451779207248e-23
2.739840731534877381e-23
2.739724895890724364e-23
2.739696587148445520e-23
2.739754468336855662e-23
2.739897222924350013e-23
2.740123554534751366e-23
2.740432186666507993e-23
2.740821862415158255e-23
2.741291344199028996e-23
2.741839413488104827e-23
2.742464870536026589e-23
2.743166534115170185e-23
2.743943241254768187e-23
2.744793846982036595e-23
2.745717224066260896e-23
2.746712262765817930e-23
2.747777870578095927e-23
2.748912971992280997e-23
2.750116508244982429e-23
2.751387437078672132e-23
2.752724732502906467e-23
2.754127384558314604e-23
2.755594399083318729e-23
2.757124797483571997e-23
2.758717616504091303e-23
2.760371908004063121e-23
2.762086738734301274e-23
2.763861190117338970e-23
2.765694358030137499e-23
2.767585352589393357e-23
2.769533297939422638e-23
2.771537332042607427e-23
2.773596606472389471e-23
2.775710286208795298e-23
2.777877549436464533e-23
2.780097587345183793e-23
2.782369603932892051e-23
2.784692815811156306e-23
2.787066452013084640e-23
2.789489753803680771e-23
2.791961974492606029e-23
2.794482379249340506e-23
2.797050244920726351e-23
2.799664859850880271e-23
2.802325523703448207e-23
2.805031547286196302e-23
2.807782252377918187e-23
2.810576971557637407e-23
2.813415048036093262e-23
2.816295835489492396e-23
2.819218697895500892e-23
2.822183009371474500e-23
2.825188154014889982e-23
2.828233525745979333e-23
2.831318528152533373e-23
2.834442574336861790e-23
2.837605086764896102e-23
2.840805497117410282e-23
2.844043246143339625e-23
2.847317783515184373e-23
2.850628567686479842e-23
2.853975065751303693e-23
2.857356753305807395e-23
2.860773114311764847e-23
2.864223640962088177e-23
2.867707833548323083e-23
2.871225200330084327e-23
2.874775257406416681e-23
2.878357528589066059e-23
2.881971545277628501e-23
2.885616846336572302e-23
2.889292977974103320e-23
2.892999493622851710e-23
2.896735953822368338e-23
2.900501926103404409e-23
2.904296984873950822e-23
2.908120711307027825e-23
2.911972693230193839e-23
2.915852525016756396e-23
2.919759807478669316e-23
2.923694147761087343e-23
2.927655159238568819e-23
2.931642461412892304e-23
2.935655679812479525e-23
2.939694445893398760e-23
2.943758396941927532e-23
2.947847175978656946e-23
2.951960431664118310e-23
2.956097818205907318e-23
2.960258995267292897e-23
2.964443627877286008e-23
2.968651386342148431e-23
2.972881946158328018e-23
2.977134987926790419e-23
2.981410197268742025e-23
2.985707264742712349e-23
2.990025885762977665e-23
2.994365760519324699e-23
2.998726593898105017e-23
3.003108095404591859e-23
3.007509979086598278e-23
3.011931963459354827e-23
3.016373771431613867e-23
3.020835130232975213e-23
3.025315771342407270e-23
3.029815430417951287e-23
3.034333847227581723e-23
3.038870765581219764e-23
3.043425933263871797e-23
3.047999101969876366e-23
3.052590027238247282e-23
3.057198468389098776e-23
3.061824188461123303e-23
3.066466954150120242e-23
3.071126535748547861e-23
3.075802707086096201e-23
3.080495245471247376e-23
3.085203931633820342e-23
3.089928549668484876e-23
3.094668886979220634e-23
3.099424734224713683e-23
3.104195885264675781e-23
3.108982137107063514e-23
3.113783289856194903e-23
3.118599146661740014e-23
3.123429513668574360e-23
3.128274199967478670e-23
3.133133017546680315e-23
3.138005781244209338e-23
3.142892308701065004e-23
3.147792420315178146e-23
3.152705939196153457e-23
3.157632691120782325e-23
3.162572504489309144e-23
3.167525210282444080e-23
3.172490642019104636e-23
3.177468635714879557e-23
3.182459029841195094e-23
3.187461665285180107e-23
3.192476385310215878e-23
3.197503035517153033e-23
3.202541463806193781e-23
3.207591520339423624e-23
3.212653057503979003e-23
3.217725929875844422e-23
3.222809994184268473e-23
3.227905109276786410e-23
3.233011136084832830e-23
3.238127937589952083e-23
3.243255378790576456e-23
3.248393326669373872e-23
3.253541650161150437e-23
3.258700220121303689e-23
3.263868909294813654e-23
3.269047592285756393e-23
3.274236145527345355e-23
3.279434447252478781e-23
3.284642377464789627e-23
3.289859817910189781e-23
3.295086652048895657e-23
3.300322765027938074e-23
3.305568043654128245e-23
3.310822376367496304e-23
3.316085653215171232e-23
3.321357765825710999e-23
3.326638607383871759e-23
3.331928072605793744e-23
3.337226057714625630e-23
3.342532460416546803e-23
3.347847179877208102e-23
3.353170116698567521e-23
3.358501172896117368e-23
3.363840251876501667e-23
3.369187258415508558e-23
3.374542098636440611e-23
3.379904679988841318e-23
3.385274911227595981e-23
3.390652702392373486e-23
3.396037964787417797e-23
3.401430610961687387e-23
3.406830554689324993e-23
3.412237710950452383e-23
3.417651995912296620e-23
3.423073326910631361e-23
3.428501622431529655e-23
3.433936802093421197e-23
3.439378786629459914e-23
3.444827497870177784e-23
3.450282858726432523e-23
3.455744793172647389e-23
3.461213226230323700e-23
3.466688083951834879e-23
3.472169293404486749e-23
3.477656782654851137e-23
3.483150480753356900e-23
3.488650317719133106e-23
3.494156224525118458e-23
3.499668133083406405e-23
3.505185976230840633e-23
3.510709687714846248e-23
3.516239202179502513e-23
3.521774455151840118e-23
3.527315383028369419e-23
3.532861923061832034e-23
3.538414013348171664e-23
3.543971592813718848e-23
3.549534601202589670e-23
3.555102979064293108e-23
3.560676667741541155e-23
3.566255609358256428e-23
3.571839746807787835e-23
3.577429023741310214e-23
3.583023384556417918e-23
3.588622774385905311e-23
3.594227139086737105e-23
3.599836425229186792e-23
3.605450580086164332e-23
3.611069551622714871e-23
3.616693288485689088e-23
3.622321739993578693e-23
3.627954856126523551e-23
3.633592587516480433e-23
3.639234885437542821e-23
3.644881701796434100e-23
3.650532989123140040e-23
3.656188700561704676e-23
3.661848789861163720e-23
3.667513211366636079e-23
3.673181920010555841e-23
3.678854871304036506e-23
3.684532021328391556e-23
3.690213326726777282e-23
3.695898744695977837e-23
3.701588232978316662e-23
3.707281749853705442e-23
3.712979254131812963e-23
3.718680705144362683e-23
3.724386062737557262e-23
3.730095287264615932e-23
3.735808339578436480e-23
3.741525181024377116e-23
3.747245773433144741e-23
3.752970079113802512e-23
3.758698060846889678e-23
3.764429681877644853e-23
3.770164905909342139e-23
3.775903697096728342e-23
3.781646020039568918e-23
3.787391839776290901e-23
3.793141121777731625e-23
3.798893831940977369e-23
3.804649936583309561e-23
3.810409402436237968e-23
3.816172196639630867e-23
3.821938286735939842e-23
3.827707640664506273e-23
3.833480226755967749e-23
3.839256013726744999e-23
3.845034970673616987e-23
3.850817067068379462e-23
3.856602272752587564e-23
3.862390557932380705e-23
3.868181893173386807e-23
3.873976249395705287e-23
3.879773597868967633e-23
3.885573910207477320e-23
3.891377158365421437e-23
3.897183314632152835e-23
3.902992351627558099e-23
3.908804242297480167e-23
3.914618959909222067e-23
3.920436478047116476e-23
3.926256770608165815e-23
3.932079811797739939e-23
3.937905576125356109e-23
3.943734038400503640e-23
3.949565173728549065e-23
3.955398957506693020e-23
3.961235365419994726e-23
3.967074373437452889e-23
3.972915957808148314e-23
3.978760095057442946e-23
3.984606761983240622e-23
3.990455935652298368e-23
3.996307593396597064e-23
4.002161712809767350e-23
4.008018271743566081e-23
4.013877248304410386e-23
4.019738620849957564e-23
4.025602367985743759e-23
4.031468468561864364e-23
4.037336901669712022e-23
4.043207646638756951e-23
4.049080683033383097e-23
4.054955990649760148e-23
4.060833549512772550e-23
4.066713339872989673e-23
4.072595342203678292e-23
4.078479537197863264e-23
4.084365905765434635e-23
4.090254429030287073e-23
4.096145088327511618e-23
4.102037865200622683e-23
4.107932741398830914e-23
4.113829698874350128e-23
4.119728719779748925e-23
4.125629786465338741e-23
4.131532881476598927e-23
4.137437987551641795e-23
4.143345087618714105e-23
4.149254164793736167e-23
4.155165202377869158e-23
4.161078183855130039e-23
4.166993092890032344e-23
4.172909913325263985e-23
4.178828629179395629e-23
4.184749224644629040e-23
4.190671684084570690e-23
4.196595992032039460e-23
4.202522133186911378e-23
4.208450092413984327e-23
4.214379854740885080e-23
4.220311405355998080e-23
4.226244729606427717e-23
4.232179812995988237e-23
4.238116641183224206e-23
4.244055199979453902e-23
4.249995475346850907e-23
4.255937453396538630e-23
4.261881120386726562e-23
4.267826462720862988e-23
4.273773466945814730e-23
4.279722119750079812e-23
4.285672407962016573e-23
4.291624318548101591e-23
4.297577838611212868e-23
4.303532955388936530e-23
4.309489656251895867e-23
4.315447928702106225e-23
4.321407760371349296e-23
4.327369139019575038e-23
4.333332052533321218e-23
4.339296488924156472e-23
4.345262436327149226e-23
4.351229882999350126e-23
4.357198817318298581e-23
4.363169227780556326e-23
4.369141103000252755e-23
4.375114431707650222e-23
4.381089202747738745e-23
4.387065405078838927e-23
4.393043027771231331e-23
4.399022060005799370e-23
4.405002491072698061e-23
4.410984310370031596e-23
4.416967507402556765e-23
4.422952071780401677e-23
4.428937993217799743e-23
4.434925261531844833e-23
4.440913866641257594e-23
4.446903798565176453e-23
4.452895047421958613e-23
4.458887603427998093e-23
4.464881456896563754e-23
4.470876598236648488e-23
4.476873017951836040e-23
4.482870706639181942e-23
4.488869654988112658e-23
4.494869853779335904e-23
4.500871293883763305e-23
4.506873966261457740e-23
4.512877861960583629e-23
4.518882972116375431e-23
4.524889287950120259e-23
4.530896800768157531e-23
4.536905501960883328e-23
4.542915383001774143e-23
4.548926435446423569e-23
4.554938650931590730e-23
4.560952021174257539e-23
4.566966537970706522e-23
4.572982193195603341e-23
4.578998978801094019e-23
4.585016886815915090e-23
4.591035909344514326e-23
4.597056038566183813e-23
4.603077266734200663e-23
4.609099586174985950e-23
4.615122989287270107e-23
4.621147468541265376e-23
4.627173016477860014e-23
4.633199625707809542e-23
4.639227288910952702e-23
4.645255998835421516e-23
4.651285748296878980e-23
4.657316530177750882e-23
4.663348337426479947e-23
4.669381163056779399e-23
4.675415000146901217e-23
4.681449841838919081e-23
4.687485681338007798e-23
4.693522511911743877e-23
4.699560326889404941e-23
4.705599119661291461e-23
4.711638883678040860e-23
4.717679612449961003e-23
4.723721299546373098e-23
4.729763938594954009e-23
4.735807523281096783e-23
4.741852047347272946e-23
4.747897504592404202e-23
4.753943888871244123e-23
4.759991194093764540e-23
4.766039414224551339e-23
4.772088543282210250e-23
4.778138575338776157e-23
4.784189504519127708e-23
4.790241325000420723e-23
4.796294031011510437e-23
4.802347616832401961e-23
4.808402076793688391e-23
4.814457405276010085e-23
4.820513596709512168e-23
4.826570645573310860e-23
4.832628546394970382e-23
4.838687293749979858e-23
4.844746882261240215e-23
4.850807306598561068e-23
4.856868561478156437e-23
4.862930641662148684e-23
4.868993541958082450e-23
4.875057257218442698e-23
4.881121782340175117e-23
4.887187112264218270e-23
4.893253241975036338e-23
4.899320166500161263e-23
4.905387880909737245e-23
4.911456380316074056e-23
4.917525659873205051e-23
4.923595714776442244e-23
4.929666540261956657e-23
4.935738131606341038e-23
4.941810484126193145e-23
4.947883593177695509e-23
4.953957454156206949e-23
4.960032062495857613e-23
4.966107413669135794e-23
4.972183503186506481e-23
4.978260326596009927e-23
4.984337879482874325e-23
4.990416157469135535e-23
4.996495156213256223e-23
5.002574871409753818e-23
5.008655298788829055e-23
5.014736434116004512e-23
5.020818273191759029e-23
5.026900811851175651e-23
5.032984045963585448e-23
5.039067971432223100e-23
5.045152584193877773e-23
5.051237880218559865e-23
5.057323855509160117e-23
5.063410506101119294e-23
5.069497828062099638e-23
5.075585817491659841e-23
5.081674470520937078e-23
5.087763783312326678e-23
5.093853752059171213e-23
5.099944372985452515e-23
5.106035642345481932e-23
5.112127556423601166e-23
5.118220111533881937e-23
5.124313304019832692e-23
5.130407130254100621e-23
5.136501586638193650e-23
5.142596669602185395e-23
5.148692375604437154e-23
5.154788701131319905e-23
5.160885642696938654e-23
5.166983196842858539e-23
5.173081360137833886e-23
5.179180129177548418e-23
5.185279500584345485e-23
5.191379471006972388e-23
5.197480037120320601e-23
5.203581195625173034e-23
5.209682943247950131e-23
5.215785276740465362e-23
5.221888192879675438e-23
5.227991688467441088e-23
5.234095760330283741e-23
5.240200405319149834e-23
5.246305620309176889e-23
5.252411402199455477e-23
5.258517747912808815e-23
5.264624654395558247e-23
5.270732118617304023e-23
5.276840137570697248e-23
5.282948708271226532e-23
5.289057827756998172e-23
5.295167493088521035e-23
5.301277701348494383e-23
5.307388449641597461e-23
5.313499735094289659e-23
5.319611554854588934e-23
5.325723906091886081e-23
5.331836785996733145e-23
5.337950191780645937e-23
5.344064120675913603e-23
5.350178569935398793e-23
5.356293536832346053e-23
5.362409018660196097e-23
5.368525012732391850e-23
5.374641516382197426e-23
5.380758526962511216e-23
5.386876041845684872e-23
5.392994058423345800e-23
5.399112574106216136e-23
5.405231586323936422e-23
5.411351092524893986e-23
5.417471090176052492e-23
5.423591576762774439e-23
5.429712549788658950e-23
5.435834006775372492e-23
5.441955945262486665e-23
5.448078362807311278e-23
5.454201256984735656e-23
5.460324625387066427e-23
5.466448465623872350e-23
5.472572775321825631e-23
5.478697552124552627e-23
5.484822793692472810e-23
5.490948497702653001e-23
5.497074661848656910e-23
5.503201283840392322e-23
5.509328361403972383e-23
5.515455892281567495e-23
5.521583874231257199e-23
5.527712305026893822e-23
5.533841182457961411e-23
5.539970504329433504e-23
5.546100268461636771e-23
5.552230472690120533e-23
5.558361114865509826e-23
5.564492192853386678e-23
5.570623704534145519e-23
5.576755647802869757e-23
5.582888020569207176e-23
5.589020820757224173e-23
5.595154046305302314e-23
5.601287695165993752e-23
5.607421765305910726e-23
5.613556254705596258e-23
5.619691161359405432e-23
5.625826483275380784e-23
5.631962218475140637e-23
5.638098364993755671e-23
5.644234920879633723e-23
5.650371884194409295e-23
5.656509253012823650e-23
5.662647025422611965e-23
5.668785199524394011e-23
5.674923773431567182e-23
5.681062745270186597e-23
5.687202113178868706e-23
5.693341875308673742e-23
5.699482029823008157e-23
5.705622574897516472e-23
5.711763508719967260e-23
5.717904829490170854e-23
5.724046535419859455e-23
5.730188624732593086e-23
5.736331095663660852e-23
5.742473946459978673e-23
5.748617175379995246e-23
5.754760780693589773e-23
5.760904760681980275e-23
5.767049113637629552e-23
5.773193837864146441e-23
5.779338931676196481e-23
5.785484393399407868e-23
5.791630221370282123e-23
5.797776413936100050e-23
5.803922969454837100e-23
5.810069886295069332e-23
5.816217162835891128e-23
5.822364797466824683e-23
5.828512788587736539e-23
5.834661134608749429e-23
5.840809833950158811e-23
5.846958885042351764e-23
5.853108286325722351e-23
5.859258036250588157e-23
5.865408133277113884e-23
5.871558575875226714e-23
5.877709362524541078e-23
5.883860491714269318e-23
5.890011961943158212e-23
5.896163771719406688e-23
5.902315919560582361e-23
5.908468403993554537e-23
5.914621223554413097e-23
5.920774376788403848e-23
5.926927862249836835e-23
5.933081678502034617e-23
5.939235824117247633e-23
5.945390297676581321e-23
5.951545097769934991e-23
5.957700222995925422e-23
5.963855671961812800e-23
5.970011443283443123e-23
5.976167535585171793e-23
5.982323947499798964e-23
5.988480677668502535e-23
5.994637724740771153e-23
6.000795087374340734e-23
6.006952764235126281e-23
6.013110753997160763e-23
6.019269055342528108e-23
6.025427666961303257e-23
6.031586587551488683e-23
6.037745815818950917e-23
6.043905350477361772e-23
6.050065190248133692e-23
6.056225333860363327e-23
6.062385780050771584e-23
6.068546527563641324e-23
6.074707575150762117e-23
6.080868921571369111e-23
6.087030565592092491e-23
6.093192505986886949e-23
6.099354741536991712e-23
6.105517271030862368e-23
6.111680093264122672e-23
6.117843207039503414e-23
6.124006611166795406e-23
6.130170304462789527e-23
6.136334285751222652e-23
6.142498553862734162e-23
6.148663107634802461e-23
6.154827945911697959e-23
6.160993067544432529e-23
6.167158471390708954e-23
6.173324156314863336e-23
6.179490121187825122e-23
6.185656364887063033e-23
6.191822886296533347e-23
6.197989684306635224e-23
6.204156757814160162e-23
6.210324105722246155e-23
6.216491726940325967e-23
6.222659620384085993e-23
6.228827784975416888e-23
6.234996219642365370e-23
6.241164923319094253e-23
6.247333894945829553e-23
6.253503133468824044e-23
6.259672637840302013e-23
6.265842407018426342e-23
6.272012439967250318e-23
6.278182735656670608e-23
6.284353293062389646e-23
6.290524111165870966e-23
6.296695188954299230e-23
6.302866525420529686e-23
6.309038119563059957e-23
6.315209970385980664e-23
6.321382076898935466e-23
6.327554438117082265e-23
6.333727053061053242e-23
6.339899920756913711e-23
6.346073040236124505e-23
6.352246410535502011e-23
6.358420030697179374e-23
6.364593899768568887e-23
6.370768016802325547e-23
6.376942380856304738e-23
6.383116990993532842e-23
6.389291846282159048e-23
6.395466945795429487e-23
6.401642288611643740e-23
6.407817873814125452e-23
6.413993700491181188e-23
6.420169767736065168e-23
6.426346074646945179e-23
6.432522620326873188e-23
6.438699403883739495e-23
6.444876424430249226e-23
6.451053681083883539e-23
6.457231172966867890e-23
6.463408899206134413e-23
6.469586858933293707e-23
6.475765051284600754e-23
6.481943475400923172e-23
6.488122130427704780e-23
6.494301015514940911e-23
6.500480129817140796e-23
6.506659472493297002e-23
6.512839042706856044e-23
6.519018839625688998e-23
6.525198862422055058e-23
6.531379110272579208e-23
6.537559582358214599e-23
6.543740277864219044e-23
6.549921195980119751e-23
6.556102335899685112e-23
6.562283696820904717e-23
6.568465277945943516e-23
6.574647078481128880e-23
6.580829097636915345e-23
6.587011334627854041e-23
6.593193788672572716e-23
6.599376458993736937e-23
6.605559344818034816e-23
6.611742445376141741e-23
6.617925759902695691e-23
6.624109287636269024e-23
6.630293027819347320e-23
6.636476979698294115e-23
6.642661142523332091e-23
6.648845515548516044e-23
6.655030098031704667e-23
6.661214889234537047e-23
6.667399888422406795e-23
6.673585094864436193e-23
6.679770507833450330e-23
6.685956126605958294e-23
6.692141950462122609e-23
6.698327978685736902e-23
6.704514210564203567e-23
6.710700645388506729e-23
6.716887282453191086e-23
6.723074121056336047e-23
6.729261160499533398e-23
6.735448400087870847e-23
6.741635839129895579e-23
6.747823476937603682e-23
6.754011312826409581e-23
6.760199346115130754e-23
6.766387576125957178e-23
6.772576002184437212e-23
6.778764623619452920e-23
6.784953439763195383e-23
6.791142449951148238e-23
6.797331653522061826e-23
6.803521049817937901e-23
6.809710638183997899e-23
6.815900417968677054e-23
6.822090388523590317e-23
6.828280549203519418e-23
6.834470899366391708e-23
6.840661438373255480e-23
6.846852165588268206e-23
6.853043080378664804e-23
6.859234182114751758e-23
6.865425470169877732e-23
6.871616943920415935e-23
6.877808602745748845e-23
6.884000446028244692e-23
6.890192473153238657e-23
6.896384683509021111e-23
6.902577076486807057e-23
6.908769651480727899e-23
6.914962407887809106e-23
6.921155345107952585e-23
6.927348462543916692e-23
6.933541759601297428e-23
6.939735235688519032e-23
6.945928890216806946e-23
6.952122722600172534e-23
6.958316732255398977e-23
6.964510918602022462e-23
6.970705281062312201e-23
6.976899819061257500e-23
6.983094532026546599e-23
6.989289419388556095e-23
6.995484480580327431e-23
7.001679715037556315e-23
7.007875122198573913e-23
7.014070701504328042e-23
7.020266452398369066e-23
7.026462374326836958e-23
7.032658466738442502e-23
7.038854729084450827e-23
7.045051160818667309e-23
7.051247761397421109e-23
7.057444530279551066e-23
7.063641466926389248e-23
7.069838570801744483e-23
7.076035841371891792e-23
7.082233278105553571e-23
7.088430880473884317e-23
7.094628647950462394e-23
7.100826580011262999e-23
7.107024676134656989e-23
7.113222935801387367e-23
7.119421358494561053e-23
7.125619943699630083e-23
7.131818690904381020e-23
7.138017599598917329e-23
7.144216669275648794e-23
7.150415899429276240e-23
7.156615289556778595e-23
7.162814839157397618e-23
7.169014547732628490e-23
7.175214414786201004e-23
7.181414439824071343e-23
7.187614622354403266e-23
7.193814961887559882e-23
7.200015457936091896e-23
7.206216110014718800e-23
7.212416917640321820e-23
7.218617880331923932e-23
7.224818997610688688e-23
7.231020268999894353e-23
7.237221694024933908e-23
7.243423272213293890e-23
7.249625003094544984e-23
7.255826886200331451e-23
7.262028921064358192e-23
7.268231107222378993e-23
7.274433444212178898e-23
7.280635931573573025e-23
7.286838568848388943e-23
7.293041355580452559e-23
7.299244291315579891e-23
7.305447375601568842e-23
7.311650607988180392e-23
7.317853988027131539e-23
7.324057515272084730e-23
7.330261189278634919e-23
7.336465009604296647e-23
7.342668975808501683e-23
7.348873087452577871e-23
7.355077344099739720e-23
7.361281745315086061e-23
7.367486290665580055e-23
7.373690979720043322e-23
7.379895812049144181e-23
7.386100787225387078e-23
7.392305904823101996e-23
7.398511164418435060e-23
7.404716565589336780e-23
7.410922107915554993e-23
7.417127790978619588e-23
7.423333614361840153e-23
7.429539577650285990e-23
7.435745680430786115e-23
7.441951922291911628e-23
7.448158302823971010e-23
7.454364821618998368e-23
7.460571478270745203e-23
7.466778272374667487e-23
7.472985203527922129e-23
7.479192271329349349e-23
7.485399475379471497e-23
7.491606815280480125e-23
7.497814290636224235e-23
7.504021901052205569e-23
7.510229646135568040e-23
7.516437525495088319e-23
7.522645538741166436e-23
7.528853685485815199e-23
7.535061965342657843e-23
7.541270377926909223e-23
7.547478922855379340e-23
7.553687599746452181e-23
7.559896408220088072e-23
7.566105347897804867e-23
7.572314418402677953e-23
7.578523619359326139e-23
7.584732950393909307e-23
7.590942411134111956e-23
7.597152001209143201e-23
7.603361720249722668e-23
7.609571567888073438e-23
7.615781543757913823e-23
7.621991647494457364e-23
7.628201878734390494e-23
7.634412237115873718e-23
7.640622722278533382e-23
7.646833333863452269e-23
7.653044071513159021e-23
7.659254934871628138e-23
7.665465923584262343e-23
7.671677037297894940e-23
7.677888275660774525e-23
7.684099638322557937e-23
7.690311124934310258e-23
7.696522735148490705e-23
7.702734468618944403e-23
7.708946325000900036e-23
7.715158303950956913e-23
7.721370405127086143e-23
7.727582628188610656e-23
7.733794972796215779e-23
7.740007438611918674e-23
7.746220025299085972e-23
7.752432732522407909e-23
7.758645559947904205e-23
7.764858507242907607e-23
7.771071574076062716e-23
7.777284760117316579e-23
7.783498065037915164e-23
7.789711488510391605e-23
7.795925030208562678e-23
7.802138689807522918e-23
7.808352466983636398e-23
7.814566361414529669e-23
7.820780372779089412e-23
7.826994500757445982e-23
7.833208745030980460e-23
7.839423105282307021e-23
7.845637581195274107e-23
7.851852172454951500e-23
7.858066878747632673e-23
7.864281699760818329e-23
7.870496635183218757e-23
7.876711684704742073e-23
7.882926848016488345e-23
7.889142124810754294e-23
7.895357514781006260e-23
7.901573017621897828e-23
7.907788633029242799e-23
7.914004360700023416e-23
7.920220200332380957e-23
7.926436151625608686e-23
7.932652214280141271e-23
7.938868387997559489e-23
7.945084672480578467e-23
7.951301067433037104e-23
7.957517572559906304e-23
7.963734187567265457e-23
7.969950912162314203e-23
7.976167746053353619e-23
7.982384688949788570e-23
7.988601740562119484e-23
7.994818900601934118e-23
8.001036168781906391e-23
8.007253544815791671e-23
8.013471028418418556e-23
8.019688619305681816e-23
8.025906317194543570e-23
8.032124121803020357e-23
8.038342032850181956e-23
8.044560050056149040e-23
8.050778173142080244e-23
8.056996401830175689e-23
8.063214735843667581e-23
8.069433174906810807e-23
8.075651718744888810e-23
8.081870367084197135e-23
8.088089119652043426e-23
8.094307976176747430e-23
8.100526936387628062e-23
8.106746000015002232e-23
8.112965166790177794e-23
8.119184436445453540e-23
8.125403808714107452e-23
8.131623283330399049e-23
8.137842860029561157e-23
8.144062538547792863e-23
8.150282318622258330e-23
8.156502199991084453e-23
8.162722182393347928e-23
8.168942265569077599e-23
8.175162449259248584e-23
8.181382733205777571e-23
8.187603117151515767e-23
8.193823600840248898e-23
8.200044184016690153e-23
8.206264866426471959e-23
8.212485647816150680e-23
8.218706527933194865e-23
8.224927506525982895e-23
8.231148583343798283e-23
8.237369758136829670e-23
8.243591030656156725e-23
8.249812400653757191e-23
8.256033867882496313e-23
8.262255432096120954e-23
8.268477093049263125e-23
8.274698850497425879e-23
8.280920704196990362e-23
8.287142653905197009e-23
8.293364699380158468e-23
8.299586840380843149e-23
8.305809076667075223e-23
8.312031407999532267e-23
8.318253834139738218e-23
8.324476354850061013e-23
8.330698969893707895e-23
8.336921679034723060e-23
8.343144482037982950e-23
8.349367378669190385e-23
8.355590368694875727e-23
8.361813451882386312e-23
8.368036627999889967e-23
8.374259896816360910e-23
8.380483258101587977e-23
8.386706711626167568e-23
8.392930257161491892e-23
8.399153894479753670e-23
8.405377623353939083e-23
8.411601443557830121e-23
8.417825354865986949e-23
8.424049357053758492e-23
8.430273449897274202e-23
8.436497633173438181e-23
8.442721906659929183e-23
8.448946270135188857e-23
8.455170723378435854e-23
8.461395266169637614e-23
8.467619898289530353e-23
8.473844619519603777e-23
8.480069429642095205e-23
8.486294328439994274e-23
8.492519315697037061e-23
8.498744391197695502e-23
8.504969554727183267e-23
8.511194806071451064e-23
8.517420145017178407e-23
8.523645571351774792e-23
8.529871084863372643e-23
8.536096685340830840e-23
8.542322372573720614e-23
8.548548146352332596e-23
8.554774006467669768e-23
8.560999952711442761e-23
8.567225984876067499e-23
8.573452102754665206e-23
8.579678306141055349e-23
8.585904594829750934e-23
8.592130968615964390e-23
8.598357427295592281e-23
8.604583970665224713e-23
8.610810598522126528e-23
8.617037310664253755e-23
8.623264106890238336e-23
8.629490986999379891e-23
8.635717950791658653e-23
8.641944998067720183e-23
8.648172128628878900e-23
8.654399342277108675e-23
8.660626638815047532e-23
8.666854018045988247e-23
8.673081479773879521e-23
8.679309023803321280e-23
8.685536649939563495e-23
8.691764357988501489e-23
8.697992147756672399e-23
8.704220019051256362e-23
8.710447971680070630e-23
8.716676005451564872e-23
8.722904120174822349e-23
8.729132315659557562e-23
8.735360591716110375e-23
8.741588948155442489e-23
8.747817384789140966e-23
8.754045901429407654e-23
8.760274497889060359e-23
8.766503173981534021e-23
8.772731929520871312e-23
8.778960764321723809e-23
8.785189678199344942e-23
8.791418670969597048e-23
8.797647742448936087e-23
8.803876892454422226e-23
8.810106120803705726e-23
8.816335427315030477e-23
8.822564811807231640e-23
8.828794274099730948e-23
8.835023814012535531e-23
8.841253431366234387e-23
8.847483125981994860e-23
8.853712897681566162e-23
8.859942746287266443e-23
8.866172671621995725e-23
8.872402673509213565e-23
8.878632751772955511e-23
8.884862906237817822e-23
8.891093136728962171e-23
8.897323443072106238e-23
8.903553825093535470e-23
8.909784282620080739e-23
8.916014815479134807e-23
8.922245423498638213e-23
8.928476106507075754e-23
8.934706864333488233e-23
8.940937696807452478e-23
8.947168603759095450e-23
8.953399585019075433e-23
8.959630640418596140e-23
8.965861769789389081e-23
8.972092972963724143e-23
8.978324249774401360e-23
8.984555600054748564e-23
8.990787023638619032e-23
8.997018520360393839e-23
9.003250090054972452e-23
9.009481732557776258e-23
9.015713447704742686e-23
9.021945235332328733e-23
9.028177095277501562e-23
9.034409027377737323e-23
9.040641031471030561e-23
9.046873107395876580e-23
9.053105254991272621e-23
9.059337474096723739e-23
9.065569764552241625e-23
9.071802126198324626e-23
9.078034558875974202e-23
9.084267062426690221e-23
9.090499636692458029e-23
9.096732281515763735e-23
9.102964996739569523e-23
9.109197782207337159e-23
9.115430637763004489e-23
9.121663563250993658e-23
9.127896558516214645e-23
9.134129623404046449e-23
9.140362757760354724e-23
9.146595961431471795e-23
9.152829234264208415e-23
9.159062576105847884e-23
9.165295986804136647e-23
9.171529466207294873e-23
9.177763014164005877e-23
9.183996630523417292e-23
9.190230315135137548e-23
9.196464067849238218e-23
9.202697888516246965e-23
9.208931776987144021e-23
9.215165733113372761e-23
9.221399756746822070e-23
9.227633847739835754e-23
9.233868005945204304e-23
9.240102231216170775e-23
9.246336523406416686e-23
9.252570882370067888e-23
9.258805307961701625e-23
9.265039800036323018e-23
9.271274358449385056e-23
9.277508983056774480e-23
9.283743673714810617e-23
9.289978430280251251e-23
9.296213252610279697e-23
9.302448140562514200e-23
9.308683093995000889e-23
9.314918112766211417e-23
9.321153196735041796e-23
9.327388345760807684e-23
9.333623559703258500e-23
9.339858838422548033e-23
9.346094181779261476e-23
9.352329589634390746e-23
9.358565061849353286e-23
9.364800598285968561e-23
9.371036198806473333e-23
9.377271863273518143e-23
9.383507591550153195e-23
9.389743383499847171e-23
9.395979238986462545e-23
9.402215157874276739e-23
9.408451140027959790e-23
9.414687185312584930e-23
9.420923293593632112e-23
9.427159464736966851e-23
9.433395698608863734e-23
9.439631995075977034e-23
9.445868354005370093e-23
9.452104775264487116e-23
9.458341258721162572e-23
9.464577804243624719e-23
9.470814411700485026e-23
9.477051080960744053e-23
9.483287811893783217e-23
9.489524604369365975e-23
9.495761458257641341e-23
9.501998373429132141e-23
9.508235349754744408e-23
9.514472387105757984e-23
9.520709485353832398e-23
9.526946644370992753e-23
9.533183864029647367e-23
9.539421144202566609e-23
9.545658484762893480e-23
9.551895885584143611e-23
9.558133346540192336e-23
9.564370867505288797e-23
9.570608448354034782e-23
9.576846088961408238e-23
9.583083789202738587e-23
9.589321548953717299e-23
9.595559368090397901e-23
9.601797246489187739e-23
9.608035184026855040e-23
9.614273180580513625e-23
9.620511236027641716e-23
9.626749350246060782e-23
9.632987523113944940e-23
9.639225754509823306e-23
9.645464044312563536e-23
9.651702392401389465e-23
9.657940798655863468e-23
9.664179262955897042e-23
9.670417785181740225e-23
9.676656365213986303e-23
9.682895002933570628e-23
9.689133698221765919e-23
9.695372450960183439e-23
9.701611261030768289e-23
9.707850128315808817e-23
9.714089052697916629e-23
9.720328034060043052e-23
9.726567072285470901e-23
9.732806167257807427e-23
9.739045318860999598e-23
9.745284526979311769e-23
9.751523791497342131e-23
9.757763112300012139e-23
9.764002489272564157e-23
9.770241922300570863e-23
9.776481411269918792e-23
9.782720956066824792e-23
9.788960556577814867e-23
9.795200212689741809e-23
9.801439924289771091e-23
9.807679691265385568e-23
9.813919513504384305e-23
9.820159390894877872e-23
9.826399323325294223e-23
9.832639310684366940e-23
9.838879352861139935e-23
9.845119449744974505e-23
9.851359601225530523e-23
9.857599807192781715e-23
9.863840067537002738e-23
9.870080382148778578e-23
9.876320750918993972e-23
9.882561173738834582e-23
9.888801650499792876e-23
9.895042181093658723e-23
9.901282765412521740e-23
9.907523403348770122e-23
9.913764094795089462e-23
9.920004839644460405e-23
9.926245637790158642e-23
9.932486489125759618e-23
9.938727393545119718e-23
9.944968350942399782e-23
9.951209361212042769e-23
9.957450424248790213e-23
9.963691539947663414e-23
9.969932708203974022e-23
9.976173928913326383e-23
9.982415201971601086e-23
9.988656527274971415e-23
9.994897904719889250e-23
1.000113933420309446e-22
1.000738081562160317e-22
1.001362234887271479e-22
1.001986393385401083e-22
1.002610557046334320e-22
1.003234725859885179e-22
1.003858899815894566e-22
1.004483078904231837e-22
1.005107263114792676e-22
1.005731452437500983e-22
1.006355646862307690e-22
1.006979846379190885e-22
1.007604050978155928e-22
1.008228260649234862e-22
1.008852475382487118e-22
1.009476695167998578e-22
1.010100919995881570e-22
1.010725149856276048e-22
1.011349384739347121e-22
1.011973624635287875e-22
1.012597869534316198e-22
1.013222119426677485e-22
1.013846374302642641e-22
1.014470634152508546e-22
1.015094898966598767e-22
1.015719168735261790e-22
1.016343443448873019e-22
1.016967723097832544e-22
1.017592007672566788e-22
1.018216297163527210e-22
1.018840591561190776e-22
1.019464890856060434e-22
1.020089195038663697e-22
1.020713504099553586e-22
1.021337818029308046e-22
1.021962136818530291e-22
1.022586460457848222e-22
1.023210788937914544e-22
1.023835122249407116e-22
1.024459460383027778e-22
1.025083803329503878e-22
1.025708151079586508e-22
1.026332503624051213e-22
1.026956860953698337e-22
1.027581223059351972e-22
1.028205589931861012e-22
1.028829961562097626e-22
1.029454337940958903e-22
1.030078719059364972e-22
1.030703104908260178e-22
1.031327495478612844e-22
1.031951890761414335e-22
1.032576290747680817e-22
1.033200695428450321e-22
1.033825104794785800e-22
1.034449518837772774e-22
1.035073937548520156e-22
1.035698360918160252e-22
1.036322788937848055e-22
1.036947221598762303e-22
1.037571658892104067e-22
1.038196100809097813e-22
1.038820547340990456e-22
1.039444998479051366e-22
1.040069454214573420e-22
1.040693914538871360e-22
1.041318379443283087e-22
1.041942848919167776e-22
1.042567322957908584e-22
1.043191801550909474e-22
1.043816284689597446e-22
1.044440772365421369e-22
1.045065264569852206e-22
1.045689761294382907e-22
1.046314262530528399e-22
1.046938768269825359e-22
1.047563278503832326e-22
1.048187793224129352e-22
1.048812312422318236e-22
1.049436836090022169e-22
1.050061364218886443e-22
1.050685896800576685e-22
1.051310433826781093e-22
1.051934975289208081e-22
1.052559521179587578e-22
1.053184071489671021e-22
1.053808626211230420e-22
1.054433185336059179e-22
1.055057748855971038e-22
1.055682316762801483e-22
1.056306889048405866e-22
1.056931465704660582e-22
1.057556046723462947e-22
1.058180632096730380e-22
1.058805221816401341e-22
1.059429815874434390e-22
1.060054414262808542e-22
1.060679016973522677e-22
1.061303623998596834e-22
1.061928235330070565e-22
1.062552850960003640e-22
1.063177470880475815e-22
1.063802095083587062e-22
1.064426723561457336e-22
1.065051356306225872e-22
1.065675993310052124e-22
1.066300634565115525e-22
1.066925280063614322e-22
1.067549929797767446e-22
1.068174583759812168e-22
1.068799241942006446e-22
1.069423904336626579e-22
1.070048570935968610e-22
1.070673241732348334e-22
1.071297916718099881e-22
1.071922595885577132e-22
1.072547279227153007e-22
1.073171966735219003e-22
1.073796658402186599e-22
1.074421354220484904e-22
1.075046054182562780e-22
1.075670758280887187e-22
1.076295466507944837e-22
1.076920178856240071e-22
1.077544895318296041e-22
1.078169615886655410e-22
1.078794340553877534e-22
1.079419069312541987e-22
1.080043802155245272e-22
1.080668539074603872e-22
1.081293280063250495e-22
1.081918025113837596e-22
1.082542774219035261e-22
1.083167527371531211e-22
1.083792284564032209e-22
1.084417045789261710e-22
1.085041811039962211e-22
1.085666580308893843e-22
1.086291353588833428e-22
1.086916130872577066e-22
1.087540912152937550e-22
1.088165697422745775e-22
1.088790486674849799e-22
1.089415279902115545e-22
1.090040077097426336e-22
1.090664878253682422e-22
1.091289683363802624e-22
1.091914492420721046e-22
1.092539305417391540e-22
1.093164122346782768e-22
1.093788943201882202e-22
1.094413767975693534e-22
1.095038596661237384e-22
1.095663429251552474e-22
1.096288265739692809e-22
1.096913106118730729e-22
1.097537950381753859e-22
1.098162798521868629e-22
1.098787650532196280e-22
1.099412506405875689e-22
1.100037366136061950e-22
1.100662229715926618e-22
1.101287097138658642e-22
1.101911968397462021e-22
1.102536843485558618e-22
1.103161722396185345e-22
1.103786605122595803e-22
1.104411491658060523e-22
1.105036381995865317e-22
1.105661276129313158e-22
1.106286174051721360e-22
1.106911075756425811e-22
1.107535981236775799e-22
1.108160890486138245e-22
1.108785803497895585e-22
1.109410720265445774e-22
1.110035640782202985e-22
1.110660565041596442e-22
1.111285493037072293e-22
1.111910424762091262e-22
1.112535360210129592e-22
1.113160299374680216e-22
1.113785242249250407e-22
1.114410188827363899e-22
1.115035139102558527e-22
1.115660093068388822e-22
1.116285050718424124e-22
1.116910012046248584e-22
1.117534977045462577e-22
1.118159945709680347e-22
1.118784918032532831e-22
1.119409894007665070e-22
1.120034873628736684e-22
1.120659856889423513e-22
1.121284843783415503e-22
1.121909834304417882e-22
1.122534828446150453e-22
1.123159826202348303e-22
1.123784827566760858e-22
1.124409832533152119e-22
1.125034841095301371e-22
1.125659853247001769e-22
1.126284868982062219e-22
1.126909888294304792e-22
1.127534911177567078e-22
1.128159937625700770e-22
1.128784967632571669e-22
1.129410001192060622e-22
1.130035038298061875e-22
1.130660078944485193e-22
1.131285123125253740e-22
1.131910170834305021e-22
1.132535222065590883e-22
1.133160276813076808e-22
1.133785335070742854e-22
1.134410396832582715e-22
1.135035462092604897e-22
1.135660530844830601e-22
1.136285603083296308e-22
1.136910678802051195e-22
1.137535757995158312e-22
1.138160840656695987e-22
1.138785926780754306e-22
1.139411016361438398e-22
1.140036109392866091e-22
1.140661205869170023e-22
1.141286305784495524e-22
1.141911409133001331e-22
1.142536515908860516e-22
1.143161626106258849e-22
1.143786739719395737e-22
1.144411856742483750e-22
1.145036977169750035e-22
1.145662100995433025e-22
1.146287228213785728e-22
1.146912358819074317e-22
1.147537492805577896e-22
1.148162630167588501e-22
1.148787770899411565e-22
1.149412914995366161e-22
1.150038062449782878e-22
1.150663213257006413e-22
1.151288367411394394e-22
1.151913524907316908e-22
1.152538685739157678e-22
1.153163849901311712e-22
1.153789017388189064e-22
1.154414188194210603e-22
1.155039362313810362e-22
1.155664539741436482e-22
1.156289720471547449e-22
1.156914904498616086e-22
1.157540091817127210e-22
1.158165282421578097e-22
1.158790476306478953e-22
1.159415673466351739e-22
1.160040873895731347e-22
1.160666077589165129e-22
1.161291284541212426e-22
1.161916494746445041e-22
1.162541708199447472e-22
1.163166924894815970e-22
1.163792144827158779e-22
1.164417367991097541e-22
1.165042594381264245e-22
1.165667823992304747e-22
1.166293056818875487e-22
1.166918292855646068e-22
1.167543532097297847e-22
1.168168774538523468e-22
1.168794020174028268e-22
1.169419268998529108e-22
1.170044521006755068e-22
1.170669776193446754e-22
1.171295034553356287e-22
1.171920296081248487e-22
1.172545560771898985e-22
1.173170828620095641e-22
1.173796099620637361e-22
1.174421373768335984e-22
1.175046651058013223e-22
1.175671931484503719e-22
1.176297215042652931e-22
1.176922501727317835e-22
1.177547791533367633e-22
1.178173084455682108e-22
1.178798380489152561e-22
1.179423679628682048e-22
1.180048981869184205e-22
1.180674287205585599e-22
1.181299595632821965e-22
1.181924907145841498e-22
1.182550221739603679e-22
1.183175539409079037e-22
1.183800860149248447e-22
1.184426183955105008e-22
1.185051510821652399e-22
1.185676840743904878e-22
1.186302173716888929e-22
1.186927509735640909e-22
1.187552848795208695e-22
1.188178190890650744e-22
1.188803536017036564e-22
1.189428884169446944e-22
1.190054235342972551e-22
1.190679589532715804e-22
1.191304946733789470e-22
1.191930306941317125e-22
1.192555670150432931e-22
1.193181036356281623e-22
1.193806405554019226e-22
1.194431777738811637e-22
1.195057152905835802e-22
1.195682531050278777e-22
1.196307912167338902e-22
1.196933296252224628e-22
1.197558683300154044e-22
1.198184073306357464e-22
1.198809466266073900e-22
1.199434862174554120e-22
1.200060261027057591e-22
1.200685662818856475e-22
1.201311067545230925e-22
1.201936475201472384e-22
1.202561885782882633e-22
1.203187299284773568e-22
1.203812715702467190e-22
1.204438135031295376e-22
1.205063557266601053e-22
1.205688982403736317e-22
1.206314410438063136e-22
1.206939841364954765e-22
1.207565275179793392e-22
1.208190711877971785e-22
1.208816151454891644e-22
1.209441593905966661e-22
1.210067039226618285e-22
1.210692487412279016e-22
1.211317938458390991e-22
1.211943392360405753e-22
1.212568849113785424e-22
1.213194308714001058e-22
1.213819771156534291e-22
1.214445236436875692e-22
1.215070704550525937e-22
1.215696175492995579e-22
1.216321649259803869e-22
1.216947125846481107e-22
1.217572605248566291e-22
1.218198087461607356e-22
1.218823572481163517e-22
1.219449060302801516e-22
1.220074550922099377e-22
1.220700044334643356e-22
1.221325540536029579e-22
1.221951039521863579e-22
1.222576541287759821e-22
1.223202045829343350e-22
1.223827553142246735e-22
1.224453063222113594e-22
1.225078576064595538e-22
1.225704091665354287e-22
1.226329610020060262e-22
1.226955131124393048e-22
1.227580654974042110e-22
1.228206181564704903e-22
1.228831710892089461e-22
1.229457242951911342e-22
1.230082777739896450e-22
1.230708315251779151e-22
1.231333855483302979e-22
1.231959398430220403e-22
1.232584944088292825e-22
1.233210492453290818e-22
1.233836043520993650e-22
1.234461597287189761e-22
1.235087153747676288e-22
1.235712712898258833e-22
1.236338274734752870e-22
1.236963839252981633e-22
1.237589406448777759e-22
1.238214976317982350e-22
1.238840548856445439e-22
1.239466124060025997e-22
1.240091701924590748e-22
1.240717282446016296e-22
1.241342865620186762e-22
1.241968451442996146e-22
1.242594039910345969e-22
1.243219631018146686e-22
1.243845224762317686e-22
1.244470821138785882e-22
1.245096420143488058e-22
1.245722021772368526e-22
1.246347626021380057e-22
1.246973232886484594e-22
1.247598842363651836e-22
1.248224454448860182e-22
1.248850069138095790e-22
1.249475686427354455e-22
1.250101306312639027e-22
1.250726928789961758e-22
1.251352553855341484e-22
1.251978181504807620e-22
1.252603811734395929e-22
1.253229444540151343e-22
1.253855079918126552e-22
1.254480717864382944e-22
1.255106358374989431e-22
1.255732001446023154e-22
1.256357647073570421e-22
1.256983295253723890e-22
1.257608945982585620e-22
1.258234599256265432e-22
1.258860255070880432e-22
1.259485913422556895e-22
1.260111574307428152e-22
1.260737237721636229e-22
1.261362903661330677e-22
1.261988572122668336e-22
1.262614243101815446e-22
1.263239916594945070e-22
1.263865592598238262e-22
1.264491271107884303e-22
1.265116952120079763e-22
1.265742635631029208e-22
1.266368321636945194e-22
1.266994010134047802e-22
1.267619701118565104e-22
1.268245394586732699e-22
1.268871090534793941e-22
1.269496788958999473e-22
1.270122489855608168e-22
1.270748193220886420e-22
1.271373899051108381e-22
1.271999607342555024e-22
1.272625318091515782e-22
1.273251031294287144e-22
1.273876746947173589e-22
1.274502465046486418e-22
1.275128185588544921e-22
1.275753908569676384e-22
1.276379633986213970e-22
1.277005361834500246e-22
1.277631092110883892e-22
1.278256824811720875e-22
1.278882559933375626e-22
1.279508297472218923e-22
1.280134037424629775e-22
1.280759779786993301e-22
1.281385524555703318e-22
1.282011271727160229e-22
1.282637021297771253e-22
1.283262773263951836e-22
1.283888527622124010e-22
1.284514284368717563e-22
1.285140043500168395e-22
1.285765805012920873e-22
1.286391568903426177e-22
1.287017335168141369e-22
1.287643103803532912e-22
1.288268874806072443e-22
1.288894648172239825e-22
1.289520423898521037e-22
1.290146201981410048e-22
1.290771982417407177e-22
