4.000000000000000000e+01
4.001562500000000000e+01
4.003125000000000000e+01
4.004687500000000000e+01
4.006250000000000000e+01
4.007812500000000000e+01
4.009375000000000000e+01
4.010937500000000000e+01
4.012500000000000000e+01
4.014062500000000000e+01
4.015625000000000000e+01
4.017187500000000000e+01
4.018750000000000000e+01
4.020312500000000000e+01
4.021875000000000000e+01
4.023437500000000000e+01
4.025000000000000000e+01
4.026562500000000000e+01
4.028125000000000000e+01
4.029687500000000000e+01
4.031250000000000000e+01
4.032812500000000000e+01
4.034375000000000000e+01
4.035937500000000000e+01
4.037500000000000000e+01
4.039062500000000000e+01
4.040625000000000000e+01
4.042187500000000000e+01
4.043750000000000000e+01
4.045312500000000000e+01
4.046875000000000000e+01
4.048437500000000000e+01
4.050000000000000000e+01
4.051562500000000000e+01
4.053125000000000000e+01
4.054687500000000000e+01
4.056250000000000000e+01
4.057812500000000000e+01
4.059375000000000000e+01
4.060937500000000000e+01
4.062500000000000000e+01
4.064062500000000000e+01
4.065625000000000000e+01
4.067187500000000000e+01
4.068750000000000000e+01
4.070312500000000000e+01
4.071875000000000000e+01
4.073437500000000000e+01
4.075000000000000000e+01
4.076562500000000000e+01
4.078125000000000000e+01
4.079687500000000000e+01
4.081250000000000000e+01
4.082812500000000000e+01
4.084375000000000000e+01
4.085937500000000000e+01
4.087500000000000000e+01
4.089062500000000000e+01
4.090625000000000000e+01
4.092187500000000000e+01
4.093750000000000000e+01
4.095312500000000000e+01
4.096875000000000000e+01
4.098437500000000000e+01
4.100000000000000000e+01
4.101562500000000000e+01
4.103125000000000000e+01
4.104687500000000000e+01
4.106250000000000000e+01
4.107812500000000000e+01
4.109375000000000000e+01
4.110937500000000000e+01
4.112500000000000000e+01
4.114062500000000000e+01
4.115625000000000000e+01
4.117187500000000000e+01
4.118750000000000000e+01
4.120312500000000000e+01
4.121875000000000000e+01
4.123437500000000000e+01
4.125000000000000000e+01
4.126562500000000000e+01
4.128125000000000000e+01
4.129687500000000000e+01
4.131250000000000000e+01
4.132812500000000000e+01
4.134375000000000000e+01
4.135937500000000000e+01
4.137500000000000000e+01
4.139062500000000000e+01
4.140625000000000000e+01
4.142187500000000000e+01
4.143750000000000000e+01
4.145312500000000000e+01
4.146875000000000000e+01
4.148437500000000000e+01
4.150000000000000000e+01
4.151562500000000000e+01
4.153125000000000000e+01
4.154687500000000000e+01
4.156250000000000000e+01
4.157812500000000000e+01
4.159375000000000000e+01
4.160937500000000000e+01
4.162500000000000000e+01
4.164062500000000000e+01
4.165625000000000000e+01
4.167187500000000000e+01
4.168750000000000000e+01
4.170312500000000000e+01
4.171875000000000000e+01
4.173437500000000000e+01
4.175000000000000000e+01
4.176562500000000000e+01
4.178125000000000000e+01
4.179687500000000000e+01
4.181250000000000000e+01
4.182812500000000000e+01
4.184375000000000000e+01
4.185937500000000000e+01
4.187500000000000000e+01
4.189062500000000000e+01
4.190625000000000000e+01
4.192187500000000000e+01
4.193750000000000000e+01
4.195312500000000000e+01
4.196875000000000000e+01
4.198437500000000000e+01
4.200000000000000000e+01
4.201562500000000000e+01
4.203125000000000000e+01
4.204687500000000000e+01
4.206250000000000000e+01
4.207812500000000000e+01
4.209375000000000000e+01
4.210937500000000000e+01
4.212500000000000000e+01
4.214062500000000000e+01
4.215625000000000000e+01
4.217187500000000000e+01
4.218750000000000000e+01
4.220312500000000000e+01
4.221875000000000000e+01
4.223437500000000000e+01
4.225000000000000000e+01
4.226562500000000000e+01
4.228125000000000000e+01
4.229687500000000000e+01
4.231250000000000000e+01
4.232812500000000000e+01
4.234375000000000000e+01
4.235937500000000000e+01
4.237500000000000000e+01
4.239062500000000000e+01
4.240625000000000000e+01
4.242187500000000000e+01
4.243750000000000000e+01
4.245312500000000000e+01
4.246875000000000000e+01
4.248437500000000000e+01
4.250000000000000000e+01
4.251562500000000000e+01
4.253125000000000000e+01
4.254687500000000000e+01
4.256250000000000000e+01
4.257812500000000000e+01
4.259375000000000000e+01
4.260937500000000000e+01
4.262500000000000000e+01
4.264062500000000000e+01
4.265625000000000000e+01
4.267187500000000000e+01
4.268750000000000000e+01
4.270312500000000000e+01
4.271875000000000000e+01
4.273437500000000000e+01
4.275000000000000000e+01
4.276562500000000000e+01
4.278125000000000000e+01
4.279687500000000000e+01
4.281250000000000000e+01
4.282812500000000000e+01
4.284375000000000000e+01
4.285937500000000000e+01
4.287500000000000000e+01
4.289062500000000000e+01
4.290625000000000000e+01
4.292187500000000000e+01
4.293750000000000000e+01
4.295312500000000000e+01
4.296875000000000000e+01
4.298437500000000000e+01
4.300000000000000000e+01
4.301562500000000000e+01
4.303125000000000000e+01
4.304687500000000000e+01
4.306250000000000000e+01
4.307812500000000000e+01
4.309375000000000000e+01
4.310937500000000000e+01
4.312500000000000000e+01
4.314062500000000000e+01
4.315625000000000000e+01
4.317187500000000000e+01
4.318750000000000000e+01
4.320312500000000000e+01
4.321875000000000000e+01
4.323437500000000000e+01
4.325000000000000000e+01
4.326562500000000000e+01
4.328125000000000000e+01
4.329687500000000000e+01
4.331250000000000000e+01
4.332812500000000000e+01
4.334375000000000000e+01
4.335937500000000000e+01
4.337500000000000000e+01
4.339062500000000000e+01
4.340625000000000000e+01
4.342187500000000000e+01
4.343750000000000000e+01
4.345312500000000000e+01
4.346875000000000000e+01
4.348437500000000000e+01
4.350000000000000000e+01
4.351562500000000000e+01
4.353125000000000000e+01
4.354687500000000000e+01
4.356250000000000000e+01
4.357812500000000000e+01
4.359375000000000000e+01
4.360937500000000000e+01
4.362500000000000000e+01
4.364062500000000000e+01
4.365625000000000000e+01
4.367187500000000000e+01
4.368750000000000000e+01
4.370312500000000000e+01
4.371875000000000000e+01
4.373437500000000000e+01
4.375000000000000000e+01
4.376562500000000000e+01
4.378125000000000000e+01
4.379687500000000000e+01
4.381250000000000000e+01
4.382812500000000000e+01
4.384375000000000000e+01
4.385937500000000000e+01
4.387500000000000000e+01
4.389062500000000000e+01
4.390625000000000000e+01
4.392187500000000000e+01
4.393750000000000000e+01
4.395312500000000000e+01
4.396875000000000000e+01
4.398437500000000000e+01
4.400000000000000000e+01
4.401562500000000000e+01
4.403125000000000000e+01
4.404687500000000000e+01
4.406250000000000000e+01
4.407812500000000000e+01
4.409375000000000000e+01
4.410937500000000000e+01
4.412500000000000000e+01
4.414062500000000000e+01
4.415625000000000000e+01
4.417187500000000000e+01
4.418750000000000000e+01
4.420312500000000000e+01
4.421875000000000000e+01
4.423437500000000000e+01
4.425000000000000000e+01
4.426562500000000000e+01
4.428125000000000000e+01
4.429687500000000000e+01
4.431250000000000000e+01
4.432812500000000000e+01
4.434375000000000000e+01
4.435937500000000000e+01
4.437500000000000000e+01
4.439062500000000000e+01
4.440625000000000000e+01
4.442187500000000000e+01
4.443750000000000000e+01
4.445312500000000000e+01
4.446875000000000000e+01
4.448437500000000000e+01
4.450000000000000000e+01
4.451562500000000000e+01
4.453125000000000000e+01
4.454687500000000000e+01
4.456250000000000000e+01
4.457812500000000000e+01
4.459375000000000000e+01
4.460937500000000000e+01
4.462500000000000000e+01
4.464062500000000000e+01
4.465625000000000000e+01
4.467187500000000000e+01
4.468750000000000000e+01
4.470312500000000000e+01
4.471875000000000000e+01
4.473437500000000000e+01
4.475000000000000000e+01
4.476562500000000000e+01
4.478125000000000000e+01
4.479687500000000000e+01
4.481250000000000000e+01
4.482812500000000000e+01
4.484375000000000000e+01
4.485937500000000000e+01
4.487500000000000000e+01
4.489062500000000000e+01
4.490625000000000000e+01
4.492187500000000000e+01
4.493750000000000000e+01
4.495312500000000000e+01
4.496875000000000000e+01
4.498437500000000000e+01
4.500000000000000000e+01
4.501562500000000000e+01
4.503125000000000000e+01
4.504687500000000000e+01
4.506250000000000000e+01
4.507812500000000000e+01
4.509375000000000000e+01
4.510937500000000000e+01
4.512500000000000000e+01
4.514062500000000000e+01
4.515625000000000000e+01
4.517187500000000000e+01
4.518750000000000000e+01
4.520312500000000000e+01
4.521875000000000000e+01
4.523437500000000000e+01
4.525000000000000000e+01
4.526562500000000000e+01
4.528125000000000000e+01
4.531250000000000000e+01
4.534375000000000000e+01
4.537500000000000000e+01
4.540625000000000000e+01
4.543750000000000000e+01
4.546875000000000000e+01
4.550000000000000000e+01
4.553125000000000000e+01
4.556250000000000000e+01
4.559375000000000000e+01
4.562500000000000000e+01
4.565625000000000000e+01
4.568750000000000000e+01
4.571875000000000000e+01
4.575000000000000000e+01
4.578125000000000000e+01
4.581250000000000000e+01
4.584375000000000000e+01
4.587500000000000000e+01
4.590625000000000000e+01
4.593750000000000000e+01
4.596875000000000000e+01
4.600000000000000000e+01
4.603125000000000000e+01
4.606250000000000000e+01
4.609375000000000000e+01
4.612500000000000000e+01
4.615625000000000000e+01
4.618750000000000000e+01
4.621875000000000000e+01
4.625000000000000000e+01
4.628125000000000000e+01
4.631250000000000000e+01
4.634375000000000000e+01
4.637500000000000000e+01
4.640625000000000000e+01
4.643750000000000000e+01
4.646875000000000000e+01
4.650000000000000000e+01
4.653125000000000000e+01
4.656250000000000000e+01
4.659375000000000000e+01
4.662500000000000000e+01
4.665625000000000000e+01
4.668750000000000000e+01
4.671875000000000000e+01
4.675000000000000000e+01
4.678125000000000000e+01
4.681250000000000000e+01
4.684375000000000000e+01
4.687500000000000000e+01
4.690625000000000000e+01
4.693750000000000000e+01
4.696875000000000000e+01
4.700000000000000000e+01
4.703125000000000000e+01
4.706250000000000000e+01
4.709375000000000000e+01
4.712500000000000000e+01
4.715625000000000000e+01
4.718750000000000000e+01
4.721875000000000000e+01
4.725000000000000000e+01
4.728125000000000000e+01
4.731250000000000000e+01
4.734375000000000000e+01
4.737500000000000000e+01
4.740625000000000000e+01
4.743750000000000000e+01
4.746875000000000000e+01
4.750000000000000000e+01
4.753125000000000000e+01
4.756250000000000000e+01
4.759375000000000000e+01
4.762500000000000000e+01
4.765625000000000000e+01
4.768750000000000000e+01
4.771875000000000000e+01
4.775000000000000000e+01
4.778125000000000000e+01
4.781250000000000000e+01
4.784375000000000000e+01
4.787500000000000000e+01
4.790625000000000000e+01
4.793750000000000000e+01
4.796875000000000000e+01
4.800000000000000000e+01
4.803125000000000000e+01
4.806250000000000000e+01
4.809375000000000000e+01
4.812500000000000000e+01
4.815625000000000000e+01
4.818750000000000000e+01
4.821875000000000000e+01
4.825000000000000000e+01
4.828125000000000000e+01
4.831250000000000000e+01
4.834375000000000000e+01
4.837500000000000000e+01
4.840625000000000000e+01
4.843750000000000000e+01
4.846875000000000000e+01
4.850000000000000000e+01
4.853125000000000000e+01
4.856250000000000000e+01
4.859375000000000000e+01
4.862500000000000000e+01
4.865625000000000000e+01
4.868750000000000000e+01
4.871875000000000000e+01
4.875000000000000000e+01
4.878125000000000000e+01
4.881250000000000000e+01
4.884375000000000000e+01
4.887500000000000000e+01
4.890625000000000000e+01
4.893750000000000000e+01
4.896875000000000000e+01
4.900000000000000000e+01
4.903125000000000000e+01
4.906250000000000000e+01
4.909375000000000000e+01
4.912500000000000000e+01
4.915625000000000000e+01
4.918750000000000000e+01
4.921875000000000000e+01
4.925000000000000000e+01
4.928125000000000000e+01
4.931250000000000000e+01
4.934375000000000000e+01
4.937500000000000000e+01
4.940625000000000000e+01
4.943750000000000000e+01
4.946875000000000000e+01
4.950000000000000000e+01
4.953125000000000000e+01
4.956250000000000000e+01
4.959375000000000000e+01
4.962500000000000000e+01
4.965625000000000000e+01
4.968750000000000000e+01
4.971875000000000000e+01
4.975000000000000000e+01
4.978125000000000000e+01
4.981250000000000000e+01
4.984375000000000000e+01
4.987500000000000000e+01
4.990625000000000000e+01
4.993750000000000000e+01
4.996875000000000000e+01
5.000000000000000000e+01
5.003125000000000000e+01
5.006250000000000000e+01
5.009375000000000000e+01
5.012500000000000000e+01
5.015625000000000000e+01
5.018750000000000000e+01
5.021875000000000000e+01
5.025000000000000000e+01
5.028125000000000000e+01
5.031250000000000000e+01
5.034375000000000000e+01
5.037500000000000000e+01
5.040625000000000000e+01
5.043750000000000000e+01
5.046875000000000000e+01
5.050000000000000000e+01
5.053125000000000000e+01
5.056250000000000000e+01
5.059375000000000000e+01
5.062500000000000000e+01
5.065625000000000000e+01
5.068750000000000000e+01
5.071875000000000000e+01
5.075000000000000000e+01
5.078125000000000000e+01
5.081250000000000000e+01
5.084375000000000000e+01
5.087500000000000000e+01
5.090625000000000000e+01
5.093750000000000000e+01
5.096875000000000000e+01
5.100000000000000000e+01
5.103125000000000000e+01
5.106250000000000000e+01
5.109375000000000000e+01
5.112500000000000000e+01
5.115625000000000000e+01
5.118750000000000000e+01
5.121875000000000000e+01
5.125000000000000000e+01
5.128125000000000000e+01
5.131250000000000000e+01
5.134375000000000000e+01
5.137500000000000000e+01
5.140625000000000000e+01
5.143750000000000000e+01
5.146875000000000000e+01
5.150000000000000000e+01
5.153125000000000000e+01
5.156250000000000000e+01
5.159375000000000000e+01
5.162500000000000000e+01
5.165625000000000000e+01
5.168750000000000000e+01
5.171875000000000000e+01
5.175000000000000000e+01
5.178125000000000000e+01
5.181250000000000000e+01
5.184375000000000000e+01
5.187500000000000000e+01
5.190625000000000000e+01
5.193750000000000000e+01
5.196875000000000000e+01
5.200000000000000000e+01
5.203125000000000000e+01
5.206250000000000000e+01
5.209375000000000000e+01
5.212500000000000000e+01
5.215625000000000000e+01
5.218750000000000000e+01
5.221875000000000000e+01
5.225000000000000000e+01
5.228125000000000000e+01
5.231250000000000000e+01
5.234375000000000000e+01
5.237500000000000000e+01
5.240625000000000000e+01
5.243750000000000000e+01
5.246875000000000000e+01
5.250000000000000000e+01
5.253125000000000000e+01
5.256250000000000000e+01
5.259375000000000000e+01
5.262500000000000000e+01
5.265625000000000000e+01
5.268750000000000000e+01
5.271875000000000000e+01
5.275000000000000000e+01
5.278125000000000000e+01
5.281250000000000000e+01
5.284375000000000000e+01
5.287500000000000000e+01
5.290625000000000000e+01
5.293750000000000000e+01
5.296875000000000000e+01
5.300000000000000000e+01
5.303125000000000000e+01
5.306250000000000000e+01
5.309375000000000000e+01
5.312500000000000000e+01
5.315625000000000000e+01
5.318750000000000000e+01
5.321875000000000000e+01
5.325000000000000000e+01
5.328125000000000000e+01
5.331250000000000000e+01
5.334375000000000000e+01
5.337500000000000000e+01
5.340625000000000000e+01
5.343750000000000000e+01
5.346875000000000000e+01
5.350000000000000000e+01
5.353125000000000000e+01
5.356250000000000000e+01
5.359375000000000000e+01
5.362500000000000000e+01
5.365625000000000000e+01
5.368750000000000000e+01
5.371875000000000000e+01
5.375000000000000000e+01
5.378125000000000000e+01
5.381250000000000000e+01
5.384375000000000000e+01
5.387500000000000000e+01
5.390625000000000000e+01
5.393750000000000000e+01
5.396875000000000000e+01
5.400000000000000000e+01
5.403125000000000000e+01
5.406250000000000000e+01
5.409375000000000000e+01
5.412500000000000000e+01
5.415625000000000000e+01
5.418750000000000000e+01
5.421875000000000000e+01
5.425000000000000000e+01
5.428125000000000000e+01
5.431250000000000000e+01
5.434375000000000000e+01
5.437500000000000000e+01
5.440625000000000000e+01
5.443750000000000000e+01
5.446875000000000000e+01
5.450000000000000000e+01
5.453125000000000000e+01
5.456250000000000000e+01
5.459375000000000000e+01
5.462500000000000000e+01
5.465625000000000000e+01
5.468750000000000000e+01
5.471875000000000000e+01
5.475000000000000000e+01
5.478125000000000000e+01
5.481250000000000000e+01
5.484375000000000000e+01
5.487500000000000000e+01
5.490625000000000000e+01
5.493750000000000000e+01
5.496875000000000000e+01
5.500000000000000000e+01
5.503125000000000000e+01
5.506250000000000000e+01
5.509375000000000000e+01
5.512500000000000000e+01
5.515625000000000000e+01
5.518750000000000000e+01
5.521875000000000000e+01
5.525000000000000000e+01
5.528125000000000000e+01
5.531250000000000000e+01
5.534375000000000000e+01
5.537500000000000000e+01
5.540625000000000000e+01
5.543750000000000000e+01
5.546875000000000000e+01
5.550000000000000000e+01
5.553125000000000000e+01
5.556250000000000000e+01
5.559375000000000000e+01
5.562500000000000000e+01
5.565625000000000000e+01
5.568750000000000000e+01
5.571875000000000000e+01
5.575000000000000000e+01
5.578125000000000000e+01
5.581250000000000000e+01
5.584375000000000000e+01
5.587500000000000000e+01
5.590625000000000000e+01
5.593750000000000000e+01
5.596875000000000000e+01
5.600000000000000000e+01
5.603125000000000000e+01
5.606250000000000000e+01
5.609375000000000000e+01
5.612500000000000000e+01
5.615625000000000000e+01
5.618750000000000000e+01
5.621875000000000000e+01
5.625000000000000000e+01
5.628125000000000000e+01
5.631250000000000000e+01
5.634375000000000000e+01
5.637500000000000000e+01
5.640625000000000000e+01
5.643750000000000000e+01
5.646875000000000000e+01
5.650000000000000000e+01
5.653125000000000000e+01
5.656250000000000000e+01
5.659375000000000000e+01
5.662500000000000000e+01
5.665625000000000000e+01
5.668750000000000000e+01
5.671875000000000000e+01
5.675000000000000000e+01
5.678125000000000000e+01
5.681250000000000000e+01
5.684375000000000000e+01
5.687500000000000000e+01
5.690625000000000000e+01
5.693750000000000000e+01
5.696875000000000000e+01
5.700000000000000000e+01
5.703125000000000000e+01
5.706250000000000000e+01
5.709375000000000000e+01
5.712500000000000000e+01
5.715625000000000000e+01
5.718750000000000000e+01
5.721875000000000000e+01
5.725000000000000000e+01
5.728125000000000000e+01
5.731250000000000000e+01
5.734375000000000000e+01
5.737500000000000000e+01
5.740625000000000000e+01
5.743750000000000000e+01
5.746875000000000000e+01
5.750000000000000000e+01
5.753125000000000000e+01
5.756250000000000000e+01
5.759375000000000000e+01
5.762500000000000000e+01
5.765625000000000000e+01
5.768750000000000000e+01
5.771875000000000000e+01
5.775000000000000000e+01
5.778125000000000000e+01
5.781250000000000000e+01
5.784375000000000000e+01
5.787500000000000000e+01
5.790625000000000000e+01
5.793750000000000000e+01
5.796875000000000000e+01
5.800000000000000000e+01
5.803125000000000000e+01
5.806250000000000000e+01
5.809375000000000000e+01
5.812500000000000000e+01
5.815625000000000000e+01
5.818750000000000000e+01
5.821875000000000000e+01
5.825000000000000000e+01
5.828125000000000000e+01
5.831250000000000000e+01
5.834375000000000000e+01
5.837500000000000000e+01
5.840625000000000000e+01
5.843750000000000000e+01
5.846875000000000000e+01
5.850000000000000000e+01
5.853125000000000000e+01
5.856250000000000000e+01
5.859375000000000000e+01
5.862500000000000000e+01
5.865625000000000000e+01
5.868750000000000000e+01
5.871875000000000000e+01
5.875000000000000000e+01
5.881250000000000000e+01
5.887500000000000000e+01
5.893750000000000000e+01
5.900000000000000000e+01
5.906250000000000000e+01
5.912500000000000000e+01
5.918750000000000000e+01
5.925000000000000000e+01
5.931250000000000000e+01
5.937500000000000000e+01
5.943750000000000000e+01
5.950000000000000000e+01
5.956250000000000000e+01
5.962500000000000000e+01
5.968750000000000000e+01
5.975000000000000000e+01
5.981250000000000000e+01
5.987500000000000000e+01
5.993750000000000000e+01
6.000000000000000000e+01
6.006250000000000000e+01
6.012500000000000000e+01
6.018750000000000000e+01
6.025000000000000000e+01
6.031250000000000000e+01
6.037500000000000000e+01
6.043750000000000000e+01
6.050000000000000000e+01
6.056250000000000000e+01
6.062500000000000000e+01
6.068750000000000000e+01
6.075000000000000000e+01
6.081250000000000000e+01
6.087500000000000000e+01
6.093750000000000000e+01
6.100000000000000000e+01
6.106250000000000000e+01
6.112500000000000000e+01
6.118750000000000000e+01
6.125000000000000000e+01
6.131250000000000000e+01
6.137500000000000000e+01
6.143750000000000000e+01
6.150000000000000000e+01
6.156250000000000000e+01
6.162500000000000000e+01
6.168750000000000000e+01
6.175000000000000000e+01
6.181250000000000000e+01
6.187500000000000000e+01
6.193750000000000000e+01
6.200000000000000000e+01
6.206250000000000000e+01
6.212500000000000000e+01
6.218750000000000000e+01
6.225000000000000000e+01
6.231250000000000000e+01
6.237500000000000000e+01
6.243750000000000000e+01
6.250000000000000000e+01
6.256250000000000000e+01
6.262500000000000000e+01
6.268750000000000000e+01
6.275000000000000000e+01
6.281250000000000000e+01
6.287500000000000000e+01
6.293750000000000000e+01
6.300000000000000000e+01
6.306250000000000000e+01
6.312500000000000000e+01
6.318750000000000000e+01
6.325000000000000000e+01
6.331250000000000000e+01
6.337500000000000000e+01
6.343750000000000000e+01
6.350000000000000000e+01
6.356250000000000000e+01
6.362500000000000000e+01
6.368750000000000000e+01
6.375000000000000000e+01
6.381250000000000000e+01
6.387500000000000000e+01
6.393750000000000000e+01
6.400000000000000000e+01
6.406250000000000000e+01
6.412500000000000000e+01
6.418750000000000000e+01
6.425000000000000000e+01
6.431250000000000000e+01
6.437500000000000000e+01
6.443750000000000000e+01
6.450000000000000000e+01
6.456250000000000000e+01
6.462500000000000000e+01
6.468750000000000000e+01
6.475000000000000000e+01
6.481250000000000000e+01
6.487500000000000000e+01
6.493750000000000000e+01
6.500000000000000000e+01
6.506250000000000000e+01
6.512500000000000000e+01
6.518750000000000000e+01
6.525000000000000000e+01
6.531250000000000000e+01
6.537500000000000000e+01
6.543750000000000000e+01
6.550000000000000000e+01
6.556250000000000000e+01
6.562500000000000000e+01
6.568750000000000000e+01
6.575000000000000000e+01
6.581250000000000000e+01
6.587500000000000000e+01
6.593750000000000000e+01
6.600000000000000000e+01
6.606250000000000000e+01
6.612500000000000000e+01
6.618750000000000000e+01
6.625000000000000000e+01
6.631250000000000000e+01
6.637500000000000000e+01
6.643750000000000000e+01
6.650000000000000000e+01
6.656250000000000000e+01
6.662500000000000000e+01
6.668750000000000000e+01
6.675000000000000000e+01
6.681250000000000000e+01
6.687500000000000000e+01
6.693750000000000000e+01
6.700000000000000000e+01
6.706250000000000000e+01
6.712500000000000000e+01
6.718750000000000000e+01
6.725000000000000000e+01
6.731250000000000000e+01
6.737500000000000000e+01
6.743750000000000000e+01
6.750000000000000000e+01
6.756250000000000000e+01
6.762500000000000000e+01
6.768750000000000000e+01
6.775000000000000000e+01
6.781250000000000000e+01
6.787500000000000000e+01
6.793750000000000000e+01
6.800000000000000000e+01
6.806250000000000000e+01
6.812500000000000000e+01
6.818750000000000000e+01
6.825000000000000000e+01
6.831250000000000000e+01
6.837500000000000000e+01
6.843750000000000000e+01
6.850000000000000000e+01
6.856250000000000000e+01
6.862500000000000000e+01
6.868750000000000000e+01
6.875000000000000000e+01
6.881250000000000000e+01
6.887500000000000000e+01
6.893750000000000000e+01
6.900000000000000000e+01
6.906250000000000000e+01
6.912500000000000000e+01
6.918750000000000000e+01
6.925000000000000000e+01
6.931250000000000000e+01
6.937500000000000000e+01
6.943750000000000000e+01
6.950000000000000000e+01
6.956250000000000000e+01
6.962500000000000000e+01
6.968750000000000000e+01
6.975000000000000000e+01
6.981250000000000000e+01
6.987500000000000000e+01
6.993750000000000000e+01
7.000000000000000000e+01
7.006250000000000000e+01
7.012500000000000000e+01
7.018750000000000000e+01
7.025000000000000000e+01
7.031250000000000000e+01
7.037500000000000000e+01
7.043750000000000000e+01
7.050000000000000000e+01
7.056250000000000000e+01
7.062500000000000000e+01
7.068750000000000000e+01
7.075000000000000000e+01
7.081250000000000000e+01
7.087500000000000000e+01
7.093750000000000000e+01
7.100000000000000000e+01
7.106250000000000000e+01
7.112500000000000000e+01
7.118750000000000000e+01
7.125000000000000000e+01
7.131250000000000000e+01
7.137500000000000000e+01
7.143750000000000000e+01
7.150000000000000000e+01
7.156250000000000000e+01
7.162500000000000000e+01
7.168750000000000000e+01
7.175000000000000000e+01
7.181250000000000000e+01
7.187500000000000000e+01
7.193750000000000000e+01
7.200000000000000000e+01
7.206250000000000000e+01
7.212500000000000000e+01
7.218750000000000000e+01
7.225000000000000000e+01
7.231250000000000000e+01
7.237500000000000000e+01
7.243750000000000000e+01
7.250000000000000000e+01
7.256250000000000000e+01
7.262500000000000000e+01
7.268750000000000000e+01
7.275000000000000000e+01
7.281250000000000000e+01
7.287500000000000000e+01
7.293750000000000000e+01
7.300000000000000000e+01
7.306250000000000000e+01
7.312500000000000000e+01
7.318750000000000000e+01
7.325000000000000000e+01
7.331250000000000000e+01
7.337500000000000000e+01
7.343750000000000000e+01
7.350000000000000000e+01
7.356250000000000000e+01
7.362500000000000000e+01
7.368750000000000000e+01
7.375000000000000000e+01
7.381250000000000000e+01
7.387500000000000000e+01
7.393750000000000000e+01
7.400000000000000000e+01
7.406250000000000000e+01
7.412500000000000000e+01
7.418750000000000000e+01
7.425000000000000000e+01
7.431250000000000000e+01
7.437500000000000000e+01
7.443750000000000000e+01
7.450000000000000000e+01
7.456250000000000000e+01
7.462500000000000000e+01
7.468750000000000000e+01
7.475000000000000000e+01
7.481250000000000000e+01
7.487500000000000000e+01
7.493750000000000000e+01
7.500000000000000000e+01
7.506250000000000000e+01
7.512500000000000000e+01
7.518750000000000000e+01
7.525000000000000000e+01
7.531250000000000000e+01
7.537500000000000000e+01
7.543750000000000000e+01
7.550000000000000000e+01
7.556250000000000000e+01
7.562500000000000000e+01
7.568750000000000000e+01
7.575000000000000000e+01
7.581250000000000000e+01
7.587500000000000000e+01
7.593750000000000000e+01
7.600000000000000000e+01
7.606250000000000000e+01
7.612500000000000000e+01
7.618750000000000000e+01
7.625000000000000000e+01
7.637500000000000000e+01
7.650000000000000000e+01
7.662500000000000000e+01
7.675000000000000000e+01
7.687500000000000000e+01
7.700000000000000000e+01
7.712500000000000000e+01
7.725000000000000000e+01
7.737500000000000000e+01
7.750000000000000000e+01
7.762500000000000000e+01
7.775000000000000000e+01
7.787500000000000000e+01
7.800000000000000000e+01
7.812500000000000000e+01
7.825000000000000000e+01
7.837500000000000000e+01
7.850000000000000000e+01
7.862500000000000000e+01
7.875000000000000000e+01
7.887500000000000000e+01
7.900000000000000000e+01
7.912500000000000000e+01
7.925000000000000000e+01
7.937500000000000000e+01
7.950000000000000000e+01
7.962500000000000000e+01
7.975000000000000000e+01
7.987500000000000000e+01
8.000000000000000000e+01
8.012500000000000000e+01
8.025000000000000000e+01
8.037500000000000000e+01
8.050000000000000000e+01
8.062500000000000000e+01
8.075000000000000000e+01
8.087500000000000000e+01
8.100000000000000000e+01
8.112500000000000000e+01
8.125000000000000000e+01
8.137500000000000000e+01
8.150000000000000000e+01
8.162500000000000000e+01
8.175000000000000000e+01
8.187500000000000000e+01
8.200000000000000000e+01
8.212500000000000000e+01
8.225000000000000000e+01
8.237500000000000000e+01
8.250000000000000000e+01
8.262500000000000000e+01
8.275000000000000000e+01
8.287500000000000000e+01
8.300000000000000000e+01
8.312500000000000000e+01
8.325000000000000000e+01
8.337500000000000000e+01
8.350000000000000000e+01
8.362500000000000000e+01
8.375000000000000000e+01
8.387500000000000000e+01
8.400000000000000000e+01
8.412500000000000000e+01
8.425000000000000000e+01
8.437500000000000000e+01
8.450000000000000000e+01
8.462500000000000000e+01
8.475000000000000000e+01
8.487500000000000000e+01
8.500000000000000000e+01
8.512500000000000000e+01
8.525000000000000000e+01
8.537500000000000000e+01
8.550000000000000000e+01
8.562500000000000000e+01
8.575000000000000000e+01
8.587500000000000000e+01
8.600000000000000000e+01
8.612500000000000000e+01
8.625000000000000000e+01
8.637500000000000000e+01
8.650000000000000000e+01
8.662500000000000000e+01
8.675000000000000000e+01
8.687500000000000000e+01
8.700000000000000000e+01
8.712500000000000000e+01
8.725000000000000000e+01
8.737500000000000000e+01
8.750000000000000000e+01
8.762500000000000000e+01
8.775000000000000000e+01
8.787500000000000000e+01
8.800000000000000000e+01
8.812500000000000000e+01
8.825000000000000000e+01
8.837500000000000000e+01
8.850000000000000000e+01
8.862500000000000000e+01
8.875000000000000000e+01
8.887500000000000000e+01
8.900000000000000000e+01
8.912500000000000000e+01
8.925000000000000000e+01
8.937500000000000000e+01
8.950000000000000000e+01
8.962500000000000000e+01
8.975000000000000000e+01
8.987500000000000000e+01
9.000000000000000000e+01
9.012500000000000000e+01
9.025000000000000000e+01
9.037500000000000000e+01
9.050000000000000000e+01
9.062500000000000000e+01
9.075000000000000000e+01
9.087500000000000000e+01
9.100000000000000000e+01
9.112500000000000000e+01
9.125000000000000000e+01
9.137500000000000000e+01
9.150000000000000000e+01
9.162500000000000000e+01
9.175000000000000000e+01
9.187500000000000000e+01
9.200000000000000000e+01
9.212500000000000000e+01
9.225000000000000000e+01
9.237500000000000000e+01
9.250000000000000000e+01
9.262500000000000000e+01
9.275000000000000000e+01
9.287500000000000000e+01
9.300000000000000000e+01
9.312500000000000000e+01
9.325000000000000000e+01
9.337500000000000000e+01
9.350000000000000000e+01
9.362500000000000000e+01
9.375000000000000000e+01
9.387500000000000000e+01
9.400000000000000000e+01
9.412500000000000000e+01
9.425000000000000000e+01
9.437500000000000000e+01
9.450000000000000000e+01
9.462500000000000000e+01
9.475000000000000000e+01
9.487500000000000000e+01
9.500000000000000000e+01
9.512500000000000000e+01
9.525000000000000000e+01
9.537500000000000000e+01
9.550000000000000000e+01
9.562500000000000000e+01
9.575000000000000000e+01
9.587500000000000000e+01
9.600000000000000000e+01
9.612500000000000000e+01
9.625000000000000000e+01
9.637500000000000000e+01
9.650000000000000000e+01
9.662500000000000000e+01
9.675000000000000000e+01
9.687500000000000000e+01
9.700000000000000000e+01
9.712500000000000000e+01
9.725000000000000000e+01
9.737500000000000000e+01
9.750000000000000000e+01
9.762500000000000000e+01
9.775000000000000000e+01
9.787500000000000000e+01
9.800000000000000000e+01
9.812500000000000000e+01
9.825000000000000000e+01
9.837500000000000000e+01
9.850000000000000000e+01
9.862500000000000000e+01
9.875000000000000000e+01
9.887500000000000000e+01
9.912500000000000000e+01
9.937500000000000000e+01
9.962500000000000000e+01
9.987500000000000000e+01
1.001250000000000000e+02
1.003750000000000000e+02
1.006250000000000000e+02
1.008750000000000000e+02
1.011250000000000000e+02
1.013750000000000000e+02
1.016250000000000000e+02
1.018750000000000000e+02
1.021250000000000000e+02
1.023750000000000000e+02
1.026250000000000000e+02
1.028750000000000000e+02
1.031250000000000000e+02
1.033750000000000000e+02
1.036250000000000000e+02
1.038750000000000000e+02
1.041250000000000000e+02
1.043750000000000000e+02
1.046250000000000000e+02
1.048750000000000000e+02
1.051250000000000000e+02
1.053750000000000000e+02
1.056250000000000000e+02
1.058750000000000000e+02
1.061250000000000000e+02
1.063750000000000000e+02
1.066250000000000000e+02
1.068750000000000000e+02
1.071250000000000000e+02
1.073750000000000000e+02
1.076250000000000000e+02
1.078750000000000000e+02
1.081250000000000000e+02
1.083750000000000000e+02
1.086250000000000000e+02
1.088750000000000000e+02
1.091250000000000000e+02
1.093750000000000000e+02
1.096250000000000000e+02
1.098750000000000000e+02
1.101250000000000000e+02
1.103750000000000000e+02
1.106250000000000000e+02
1.108750000000000000e+02
1.111250000000000000e+02
1.113750000000000000e+02
1.116250000000000000e+02
1.118750000000000000e+02
1.121250000000000000e+02
1.123750000000000000e+02
1.126250000000000000e+02
1.128750000000000000e+02
1.131250000000000000e+02
1.133750000000000000e+02
1.136250000000000000e+02
1.138750000000000000e+02
1.141250000000000000e+02
1.143750000000000000e+02
1.146250000000000000e+02
1.148750000000000000e+02
1.151250000000000000e+02
1.153750000000000000e+02
1.156250000000000000e+02
1.158750000000000000e+02
1.161250000000000000e+02
1.163750000000000000e+02
1.166250000000000000e+02
1.168750000000000000e+02
1.171250000000000000e+02
1.173750000000000000e+02
1.176250000000000000e+02
1.178750000000000000e+02
1.181250000000000000e+02
1.183750000000000000e+02
1.186250000000000000e+02
1.188750000000000000e+02
1.191250000000000000e+02
1.193750000000000000e+02
1.196250000000000000e+02
1.198750000000000000e+02
1.201250000000000000e+02
1.203750000000000000e+02
1.206250000000000000e+02
1.208750000000000000e+02
1.211250000000000000e+02
1.213750000000000000e+02
1.216250000000000000e+02
1.218750000000000000e+02
1.221250000000000000e+02
1.223750000000000000e+02
1.226250000000000000e+02
1.228750000000000000e+02
1.231250000000000000e+02
1.233750000000000000e+02
1.236250000000000000e+02
1.238750000000000000e+02
1.241250000000000000e+02
1.243750000000000000e+02
1.246250000000000000e+02
1.248750000000000000e+02
1.251250000000000000e+02
1.253750000000000000e+02
1.256250000000000000e+02
1.258750000000000000e+02
1.261250000000000000e+02
1.263750000000000000e+02
1.266250000000000000e+02
1.268750000000000000e+02
1.271250000000000000e+02
1.273750000000000000e+02
1.276250000000000000e+02
1.278750000000000000e+02
1.281250000000000000e+02
1.286250000000000000e+02
1.291250000000000000e+02
1.296250000000000000e+02
1.301250000000000000e+02
1.306250000000000000e+02
1.311250000000000000e+02
1.316250000000000000e+02
1.321250000000000000e+02
1.326250000000000000e+02
1.331250000000000000e+02
1.336250000000000000e+02
1.341250000000000000e+02
1.346250000000000000e+02
1.351250000000000000e+02
1.356250000000000000e+02
1.361250000000000000e+02
1.366250000000000000e+02
1.371250000000000000e+02
1.376250000000000000e+02
1.381250000000000000e+02
1.386250000000000000e+02
1.391250000000000000e+02
1.396250000000000000e+02
1.401250000000000000e+02
1.406250000000000000e+02
1.411250000000000000e+02
1.416250000000000000e+02
1.421250000000000000e+02
1.426250000000000000e+02
1.431250000000000000e+02
1.436250000000000000e+02
1.441250000000000000e+02
1.446250000000000000e+02
1.451250000000000000e+02
1.456250000000000000e+02
1.461250000000000000e+02
1.466250000000000000e+02
1.471250000000000000e+02
1.476250000000000000e+02
1.481250000000000000e+02
1.486250000000000000e+02
1.491250000000000000e+02
1.496250000000000000e+02
1.501250000000000000e+02
1.506250000000000000e+02
1.511250000000000000e+02
1.516250000000000000e+02
1.521250000000000000e+02
1.526250000000000000e+02
1.531250000000000000e+02
1.536250000000000000e+02
1.541250000000000000e+02
1.546250000000000000e+02
1.551250000000000000e+02
1.556250000000000000e+02
1.561250000000000000e+02
1.566250000000000000e+02
1.571250000000000000e+02
1.576250000000000000e+02
1.581250000000000000e+02
1.586250000000000000e+02
1.591250000000000000e+02
1.596250000000000000e+02
1.601250000000000000e+02
1.606250000000000000e+02
1.611250000000000000e+02
1.616250000000000000e+02
1.621250000000000000e+02
1.626250000000000000e+02
1.631250000000000000e+02
1.636250000000000000e+02
1.641250000000000000e+02
1.646250000000000000e+02
1.651250000000000000e+02
1.656250000000000000e+02
1.666250000000000000e+02
1.676250000000000000e+02
1.686250000000000000e+02
1.696250000000000000e+02
1.706250000000000000e+02
1.716250000000000000e+02
1.726250000000000000e+02
1.736250000000000000e+02
1.746250000000000000e+02
1.756250000000000000e+02
1.766250000000000000e+02
1.776250000000000000e+02
1.786250000000000000e+02
1.796250000000000000e+02
1.806250000000000000e+02
1.816250000000000000e+02
1.826250000000000000e+02
1.836250000000000000e+02
1.846250000000000000e+02
1.856250000000000000e+02
1.866250000000000000e+02
1.876250000000000000e+02
1.886250000000000000e+02
1.896250000000000000e+02
1.906250000000000000e+02
1.916250000000000000e+02
1.926250000000000000e+02
1.936250000000000000e+02
1.946250000000000000e+02
1.956250000000000000e+02
1.966250000000000000e+02
1.976250000000000000e+02
1.986250000000000000e+02
1.996250000000000000e+02
2.006250000000000000e+02
2.016250000000000000e+02
2.026250000000000000e+02
2.036250000000000000e+02
2.046250000000000000e+02
2.056250000000000000e+02
2.066250000000000000e+02
2.076250000000000000e+02
2.086250000000000000e+02
2.096250000000000000e+02
2.106250000000000000e+02
2.116250000000000000e+02
2.126250000000000000e+02
2.136250000000000000e+02
2.146250000000000000e+02
2.166250000000000000e+02
2.186250000000000000e+02
2.206250000000000000e+02
2.226250000000000000e+02
2.246250000000000000e+02
2.266250000000000000e+02
2.286250000000000000e+02
2.306250000000000000e+02
2.326250000000000000e+02
2.346250000000000000e+02
2.366250000000000000e+02
2.386250000000000000e+02
2.406250000000000000e+02
2.426250000000000000e+02
2.446250000000000000e+02
2.466250000000000000e+02
2.486250000000000000e+02
2.506250000000000000e+02
2.526250000000000000e+02
2.546250000000000000e+02
2.566250000000000000e+02
2.586250000000000000e+02
2.606250000000000000e+02
2.626250000000000000e+02
2.646250000000000000e+02
2.666250000000000000e+02
2.686250000000000000e+02
2.706250000000000000e+02
2.726250000000000000e+02
2.746250000000000000e+02
2.766250000000000000e+02
2.806250000000000000e+02
2.846250000000000000e+02
2.886250000000000000e+02
2.926250000000000000e+02
2.966250000000000000e+02
3.006250000000000000e+02
3.046250000000000000e+02
3.086250000000000000e+02
3.126250000000000000e+02
3.166250000000000000e+02
3.206250000000000000e+02
3.246250000000000000e+02
3.286250000000000000e+02
3.326250000000000000e+02
3.366250000000000000e+02
3.406250000000000000e+02
3.446250000000000000e+02
3.486250000000000000e+02
3.526250000000000000e+02
3.606250000000000000e+02
3.686250000000000000e+02
3.766250000000000000e+02
3.846250000000000000e+02
3.926250000000000000e+02
4.006250000000000000e+02
4.086250000000000000e+02
4.166250000000000000e+02
4.246250000000000000e+02
4.326250000000000000e+02
4.406250000000000000e+02
4.486250000000000000e+02
4.646250000000000000e+02
4.806250000000000000e+02
4.966250000000000000e+02
5.126250000000000000e+02
5.286250000000000000e+02
5.446250000000000000e+02
5.606250000000000000e+02
5.926250000000000000e+02
6.246250000000000000e+02
6.566250000000000000e+02
6.886250000000000000e+02
7.526250000000000000e+02
8.166250000000000000e+02
9.446250000000000000e+02
1.024000000000000000e+03
