1.00000000000000
0.99999497262411
0.99973982059481
0.99784286144895
0.99743894963586
0.99515295845848
0.99379429613548
0.99012091864328
0.98937411202548
0.98717838530384
0.98508320453293
0.98300033496103
0.98109226036548
0.97551071633843
0.97315582459357
0.97140893668862
0.96864847301032
0.96206725025270
0.95991676439325
0.95258878432193
0.95135402149504
0.94665377441669
0.94396340711387
0.93805899310210
0.93563881389793
0.93289772406682
0.93111129281438
0.92819676104948
0.92305048469986
0.91854612070294
0.91244992231309
0.90615711705865
0.90173416859567
0.89742876468151
0.89312136803491
0.89184704084123
0.88917566899030
0.88469140735215
0.88370389431597
0.87327158366339
0.86813487865000
0.86287254348112
0.85868793872368
0.85530841888393
0.85091648525762
0.84942634881055
0.84594785974795
0.84118839127703
0.83481297520872
0.83158917553247
0.82619864864368
0.82302889729594
0.82019472243735
0.81394611937286
0.81258633442204
0.80448153359736
0.80133390556254
0.79661615400865
0.79084851075290
0.78382064697325
0.77282673659288
0.77148242725894
0.76854915811601
0.76508258490918
0.76217467878315
0.75848846772898
0.75056294079255
0.74783697724130
0.74626920489362
0.74336130271705
0.73664153351469
0.73281446068711
0.72663915352786
0.72374294695980
0.72092187332755
0.71865614241991
0.71251996464837
0.70691512462824
0.70545813227248
0.70310751091220
0.69877809653446
0.69651044555446
0.69435257712925
0.69350444795241
0.68890706077389
0.68480017131163
0.67712020866338
0.67287529679659
0.66813756882049
0.66463328620624
0.65851901438253
0.65495335023653
0.65460107288166
0.64353998466435
0.64051528164793
0.63463689566353
0.62851009568754
0.62551921713111
0.62322915774150
0.61953116723251
0.61473165426130
0.61248544317090
0.60940312045672
0.60120473714128
0.60012664360485
0.59149349077756
0.58960152889709
0.58719931538197
0.58542427123336
0.58064477352598
0.57609108226804
0.57427537579773
0.56731278736950
0.56534778457440
0.56340615608888
0.55794751122213
0.55433776277659
0.54849584115509
0.54644707137081
0.54582215977182
0.54271112805070
0.54115988383534
0.53514743624022
0.53236308908447
0.52994242892837
0.52633381620961
0.52350745367495
0.52126836181244
0.51720140193685
0.50953675455604
0.50804384529906
0.50510510012468
0.50118600227639
0.49991377840313
0.49748101870783
0.49284680404007
0.48999016045317
0.48827725174244
0.48379825829613
0.48224090689769
0.48011207291093
0.47464301943108
0.47318788064944
0.46886640692718
0.46860398376532
0.46647790326057
0.46389137305173
0.46172226450247
0.45944246122382
0.45315219561418
0.45195884996568
0.44939682767138
0.44572365845078
0.44400661295957
0.44063346414379
0.43511571226811
0.43389471472111
0.43263980468321
0.43149149529473
0.42522403396087
0.42254780499757
0.42073199286979
0.41834527732112
0.41618608782550
0.41301060774986
0.41191574263819
0.40922422520295
0.40686183831754
0.40557928650609
0.40408856800035
0.40011894522166
0.39855453332179
0.39317430924985
0.39007959332735
0.38813432522301
0.38490846993247
0.37839478191229
0.37737384064970
0.37406393863864
0.37220383201357
0.37156775220648
0.36433633894426
0.36053952744348
0.35093749174044
0.34647422409085
0.33802466724403
0.33264862788302
0.31726215744975
0.30722085774223
0.30228912579348
0.29963695007238
0.29402124803244
0.28952059240515
0.28602878198111
0.28181865732589
0.27938481378709
0.27124348332507
0.26337282102892
0.25847599884538
0.25256128844614
0.25108942491734
0.24780492457819
0.24507706214416
0.23918731666283
0.23634787825379
0.22822989568404
0.22372105524413
0.22117626966391
0.21705830184179
0.21393875856455
0.20591429454684
0.20386074162523
0.19871800346707
0.19300064605129
0.18604548788059
0.18154373382563
0.17956595460913
0.17545848239022
0.16662078788963
0.16456662171668
0.15899606981246
0.15126995518337
0.14653761661815
0.14202429463884
0.13898490015222
0.13661268141338
0.13449586905846
0.12506380479526
0.12207241889512
0.11472921775998
0.10948250416953
0.10045419299624
0.09777626282559
0.09712046102568
0.09472346183031
0.09050065367696
0.08742144159687
0.08455030565308
0.07557035393142
0.07351324510014
0.07026963842017
0.06684037863121
0.05901613322304
0.05614218343561
0.05218322407493
0.04679157838649
0.04271665493409
0.03858541025215
0.03786212827280
0.03309902445176
0.02993197904559
0.02926527401052
0.02509745107901
0.02193506255054
0.02082518477860
0.01741764643659
0.01609221390200
0.01120104718936
0.00890861700578
0.00440235511455
0.00312889770123
0.00039365620763
0.00003611461409
0.00000059401078
0.00000004025331
0.00000000243511
0.00000000025388
0.00000000001230
0.00000000000218
